12.1761 1.1237 0.022788
27.2517 4.36369 1.04412
29.3813 5.2571 0.357506
17.5911 0.250742 0.0665337
28.556 1.29287 0.926928
28.0544 8.11256 0.0730703
7.3913 0.615476 0.024861
6.12951 1.13422 0.0693155
5.85763 8.28839 0.0434927
4.34099 5.43526 0.0525009
27.1395 3.225 0.96124
14.0989 4.46955 0.0578312
6.17008 5.79325 0.0599249
19.6188 2.4062 0.0611342
11.2799 1.20584 0.0395032
3.07074 6.88747 0.0398518
15.184 5.85895 0.050596
28.764 4.47822 0.73865
24.7614 7.13828 0.310988
34.0252 4.79892 0.0370046
17.1581 8.57319 0.495517
33.2855 1.78741 0.273282
14.1208 4.8396 0.0426933
17.658 4.22688 0.0409022
26.1173 3.08762 0.694801
16.631 5.17054 0.0671193
7.01336 2.05653 0.039522
24.9368 7.01125 0.330365
31.732 7.5805 0.0400471
13.2607 1.12536 0.0344124
15.2244 4.08222 0.0268211
11.6964 2.42225 0.063663
24.2279 0.726443 0.0935607
17.7472 7.83055 0.999503
9.08567 3.75775 0.0734952
31.1494 1.29082 0.88609
1.97198 5.88519 0.0290436
29.0508 1.76737 1.03865
30.017 7.87851 0.0458615
4.61571 1.89788 0.0623958
2.05834 0.289073 0.00569179
22.8448 1.75472 0.0725742
20.7502 3.02184 0.0514718
7.19373 4.09826 0.0570755
15.7813 7.91961 1.03275
4.67472 6.09494 0.0143581
15.1512 2.96566 0.0491455
18.8303 0.147507 0.0498539
31.0229 1.39686 0.888413
13.8752 8.70885 0.914428
6.7322 4.01792 0.0612964
32.8949 6.03969 0.0417271
22.5257 0.477799 0.0621535
5.94831 0.297599 0.0385282
3.48079 7.39308 0.0615009
14.0735 5.13809 0.047582
9.49542 2.69812 0.047222
13.6089 2.77387 0.0519399
10.4678 0.779934 0.0259599
31.6123 1.50913 0.713948
28.2962 0.214883 0.7377
23.6333 7.33395 0.397567
4.46828 4.07549 0.0690318
27.6185 1.11175 0.631472
14.6181 6.46102 0.0603058
30.1645 1.71001 1.01217
3.19093 0.541183 0.0413137
6.31942 5.22995 0.0358997
5.78892 7.82892 0.0861076
28.4244 0.235485 0.787199
32.9736 7.03689 0.0345828
26.1205 1.66209 0.359769
11.6663 0.811958 0.0542242
3.2067 0.156988 0.0735834
33.31 2.5606 0.232066
7.1357 6.35496 0.0310928
28.2463 4.31038 0.890764
17.0625 7.45452 0.962208
12.6788 1.89843 0.0237614
15.0354 2.7547 0.0492012
4.04925 2.25615 0.0676279
5.35094 8.55035 0.114392
30.114 8.22439 0.0467363
16.445 2.9776 0.0366423
23.6783 3.81065 0.384652
12.4747 2.74715 0.0578314
17.4169 6.52449 0.386808
27.7201 0.349715 0.610626
22.8116 0.589416 0.0559664
14.6561 3.53129 0.069434
16.7168 2.14212 0.0521384
34.0499 7.38727 0.0637165
2.5668 6.48339 0.0451482
14.7577 4.77024 0.0764421
5.79916 5.7813 0.0689395
4.95902 6.05052 0.060467
3.2583 6.82642 0.0351987
26.7607 8.10637 0.0552793
16.5839 1.30869 0.00589368
19.6181 5.47238 0.261802
11.454 1.25525 0.0525629
14.5231 3.87296 0.0370675
16.4115 6.87213 0.413298
28.8531 7.81966 0.0610122
4.50658 6.63565 0.0773482
7.42687 0.309468 0.0503947
7.09825 3.14126 0.0265803
16.8644 1.42512 0.0148385
17.2498 8.72953 0.305023
23.9505 1.25869 0.0938039
34.116 2.13531 0.175049
31.7631 3.1221 0.430117
9.42616 0.53215 0.0402563
14.9577 7.60716 0.667299
19.0125 5.5618 0.218019
27.6022 1.3962 0.694838
18.3895 4.35487 0.0666353
6.76569 0.687574 0.052036
3.15269 5.33996 0.0804303
12.72 2.02474 0.0526043
21.5233 0.337704 0.0578834
7.43823 1.00718 0.0659806
16.5053 4.853 0.0674141
14.1582 5.56721 0.0421003
33.1909 2.83876 0.194721
24.5922 5.62377 1.02008
33.6948 3.07706 0.151817
18.6222 1.14196 0.0592357
17.7197 2.75494 0.0555232
33.7539 3.45464 0.13087
14.9523 7.97646 0.984353
19.7588 1.01087 0.0388163
2.29063 0.753072 0.0888386
7.07736 4.90753 0.0904238
10.9653 8.42005 0.726997
9.58468 7.92941 0.138791
15.8068 6.12013 0.102802
30.8417 0.583402 0.940733
8.41496 7.04795 0.0514366
3.06901 5.9727 0.0381869
20.0637 1.25795 0.0490703
13.4987 4.06361 0.0456447
3.03837 0.43108 0.0815178
26.5803 7.0084 0.150997
32.4468 6.28086 0.0582547
26.0957 7.03245 0.193276
27.888 6.64603 0.170223
26.5254 2.33583 0.618969
33.797 6.90233 0.0275968
6.10678 2.17775 0.0356861
30.4433 1.20521 1.0063
24.6513 3.41201 0.450122
32.8358 4.35112 0.12271
29.4541 2.49809 1.02879
19.7228 5.29454 0.209817
23.2152 5.26588 0.864997
9.61952 2.09601 0.0576686
12.5401 5.44124 0.0495001
6.43121 3.12239 0.0525897
14.7995 6.42119 0.102174
28.7693 2.53825 1.04694
12.7643 6.98145 0.114395
30.598 3.62807 0.557766
7.95739 4.83532 0.0575937
22.8467 5.88505 1.01303
9.22658 4.53062 0.0565923
22.5092 2.25158 0.08065
27.4493 8.5598 0.0601703
30.4852 0.839524 1.02123
26.6506 2.83983 0.777788
6.18934 4.79924 0.0585395
24.1164 0.250842 0.0627143
11.2086 1.35394 0.0615691
18.2028 6.98557 0.846427
6.16337 6.85054 0.0635836
16.0915 5.56709 0.0690998
23.2262 7.88173 0.177313
5.27213 6.60327 0.0206144
20.9342 2.61138 0.0422852
30.7109 5.63613 0.115618
18.8812 2.97232 0.0659692
12.2791 6.55364 0.0748007
8.31206 3.3631 0.0526043
16.8069 1.33935 0.0335298
14.5199 7.66023 0.64592
24.3951 6.03414 0.979464
25.9385 6.50849 0.447543
24.5247 4.89089 0.948114
26.5188 6.84291 0.199384
27.572 3.91441 1.03263
25.4408 4.94503 1.03216
9.7583 0.546807 0.0654518
20.5602 4.8513 0.2111
14.4092 7.11964 0.284967
4.04863 6.16647 0.0752081
22.2671 7.01955 0.861089
6.182 4.33591 0.0400945
24.1256 7.70287 0.171834
19.24 0.946562 0.0571628
3.85416 7.65362 0.0292629
15.402 3.24491 0.0312445
19.5406 0.795013 0.0392573
9.72289 5.41297 0.0693277
32.2207 3.97576 0.201663
32.8769 3.74398 0.144682
4.92886 7.44673 0.0516671
25.1795 1.2043 0.169013
15.6121 5.39201 0.0370871
29.0033 3.61618 0.96241
32.4198 4.61698 0.107838
18.0187 4.36484 0.0710768
22.4284 1.17229 0.0638866
13.6161 4.47501 0.0392009
23.4684 7.5348 0.296066
34.1973 1.49659 0.170574
12.4696 0.100238 0.0448294
2.47755 0.590521 0.0615768
33.5449 4.01861 0.100304
2.39731 8.51671 0.0277269
24.1936 0.38663 0.0708305
20.6373 8.66072 0.0729803
14.8311 4.6851 0.0467962
32.1771 1.05003 0.602355
5.46638 3.65803 0.0484659
9.3784 1.81233 0.0655321
28.8605 6.24168 0.150584
1.73122 4.73283 0.0422852
10.1698 2.51677 0.075058
7.08391 2.23239 0.0612415
15.3846 7.57738 0.733282
25.8031 6.69696 0.367661
32.9363 3.81226 0.14744
9.56018 3.54417 0.0513689
1.93248 6.44551 0.0356004
25.989 8.48422 0.0773637
31.519 0.69564 0.817469
1.98232 1.39039 0.016237
21.7619 3.16674 0.0659304
21.0922 4.43743 0.172313
19.8191 0.624112 0.0403267
22.1884 0.467499 0.0187794
10.702 1.9181 0.0605677
31.0068 3.37329 0.527012
8.80084 6.46132 0.0604361
32.6945 5.33065 0.0755702
32.9042 0.255244 0.432452
28.9365 0.393412 0.917204
14.264 3.95074 0.0776097
32.7582 7.64619 0.0315323
8.58582 7.99707 0.129736
17.7208 3.19102 0.0662747
18.16 7.75564 1.02203
6.11912 8.12055 0.0463269
34.0472 3.55381 0.1222
7.46893 6.52068 0.0623006
17.3251 3.19309 0.0250255
4.3368 1.34226 0.0108522
10.771 5.02723 0.0400737
28.8976 0.755331 0.929477
23.9174 5.79771 1.05943
13.5354 7.07241 0.154614
22.9274 8.00065 0.159787
7.12259 3.91574 0.042368
23.2797 1.02594 0.074251
30.8654 7.88778 0.0415093
1.9636 7.60703 0.0272611
11.3947 8.45691 0.796461
9.9728 5.19138 0.0580082
4.40901 5.88555 0.0408932
31.7017 3.26246 0.388297
24.2385 1.60061 0.0949735
21.801 2.54959 0.0556937
21.7066 6.29854 1.02816
23.6968 2.84036 0.143034
10.9078 6.04447 0.0440767
8.13733 4.38887 0.0613562
4.03883 3.92423 0.0573615
6.6239 8.45707 0.157711
8.05135 1.45163 0.0802055
27.8007 4.25779 0.969789
12.1315 1.39591 0.0412034
14.2612 8.19337 1.02612
25.9026 4.27053 1.01859
33.4607 2.90138 0.186682
4.92176 1.47112 0.0456819
20.8673 5.19244 0.339108
15.2829 3.4869 0.0600093
7.48719 1.11155 0.0559278
12.7108 0.282947 0.0344399
27.3337 3.41998 1.00914
10.361 5.09689 0.0358335
19.9857 4.53453 0.117077
16.5375 7.86624 1.04449
2.09998 7.96755 0.0695787
29.8728 8.18324 0.0712206
29.9369 6.98931 0.0622441
29.071 4.17436 0.788259
15.8543 4.57797 0.0671842
15.6655 3.47253 0.0735787
23.7149 3.49201 0.294148
34.0497 0.363406 0.200593
17.9645 6.98171 0.813356
11.3337 2.15022 0.0610859
17.1687 0.256423 0.0448535
20.3737 4.07703 0.0903233
22.2759 6.27406 1.08223
32.5172 3.81092 0.19008
20.5837 3.18252 0.0496829
28.6259 5.75553 0.312726
17.0822 1.42335 0.0456796
16.4506 0.0990406 0.0276029
31.4137 5.17778 0.104147
10.89 4.63614 0.0515819
11.4793 7.56727 0.143763
19.5476 3.63471 0.0791887
5.17889 6.87065 0.0423022
6.94251 0.156672 0.0303408
18.5464 0.238408 0.039646
22.6365 5.23146 0.718808
33.8307 1.97733 0.216104
5.22463 0.5879 0.0395411
2.8946 1.11653 0.0742676
24.2127 3.27525 0.34245
31.0653 2.94658 0.661324
4.53438 4.92755 0.0498911
11.32 7.75758 0.226363
23.979 3.19602 0.244025
22.6542 1.60953 0.0528127
30.1957 5.05198 0.258297
23.3657 0.018859 0.0731661
32.7784 3.36331 0.21657
11.177 2.77265 0.0617409
26.0996 3.3858 0.782651
20.9568 0.444001 0.0319864
14.4843 4.84386 0.0504319
25.2834 5.45523 1.03874
29.4047 6.55033 0.0858465
20.6249 8.36815 0.214459
25.1248 3.10045 0.46739
15.0972 5.73598 0.0544224
29.8872 3.86345 0.673812
14.1899 1.87952 0.047656
22.082 7.77244 0.348388
21.1639 6.51922 1.02358
18.4415 8.23997 0.589883
31.8004 7.18028 0.0362496
24.7192 8.01867 0.0999556
20.949 1.11914 0.0651921
25.0378 0.137345 0.096167
24.8924 1.73565 0.167125
12.4242 3.60197 0.0277642
11.9416 6.01 0.0610183
21.6176 3.83215 0.11662
6.10567 4.48665 0.0809386
28.2525 6.65107 0.0973934
26.8778 0.617074 0.399804
22.6611 5.92834 1.03387
12.4886 0.425888 0.0434957
33.7951 2.17319 0.223828
25.9873 6.31267 0.543395
29.9284 5.97002 0.139575
25.2405 3.5422 0.627316
19.9344 2.57443 0.0682235
10.8558 7.23766 0.087123
7.45728 2.40134 0.053814
28.4467 0.272787 0.831012
22.01 2.16112 0.0649787
9.30731 0.18523 0.0173471
8.39168 7.08544 0.0577589
17.5647 1.06864 0.0785388
22.4497 8.5125 0.0621748
26.6447 1.86148 0.538595
17.3457 2.67506 0.042171
9.75657 5.11458 0.0518348
23.8438 2.69374 0.131698
5.77855 3.31503 0.0242582
7.17027 0.910797 0.0472585
13.7703 3.40048 0.0429768
20.0493 0.220536 0.0233091
2.12597 1.95747 0.0624804
5.96859 7.94877 0.0614027
24.8577 2.45399 0.255926
15.0672 2.36765 0.020096
16.2523 5.93675 0.105063
17.0693 7.71657 1.03472
7.27822 2.58568 0.0626475
33.344 3.28911 0.180738
31.963 6.24624 0.0519973
22.433 6.92336 0.869935
4.52864 5.36456 0.06288
24.1772 1.56444 0.0998723
28.1914 1.57963 0.844558
12.5571 6.62451 0.0712035
6.47139 6.17769 0.0557569
25.4778 7.83348 0.0684817
22.4655 6.81545 0.931694
14.4543 3.68143 0.0448887
11.2419 1.16482 0.0443936
32.1499 7.78273 0.0627384
4.37235 6.07905 0.0294633
11.7366 5.03752 0.0257128
17.3136 5.95954 0.157904
20.9477 3.36617 0.0475665
9.94383 3.00027 0.0635111
21.1088 5.02933 0.324103
5.21114 4.21921 0.0238017
19.0423 6.1964 0.490899
4.30667 8.18145 0.0191073
14.3693 7.40536 0.430541
25.0112 3.38649 0.532068
8.09113 3.25545 0.0606317
6.5234 8.10051 0.0746643
33.3581 3.449 0.151397
15.653 6.99409 0.34261
3.39515 0.810564 0.0622287
15.5369 3.94268 0.045184
10.4846 4.51193 0.0385403
28.4848 7.06925 0.0403098
30.5128 7.67031 0.0700208
26.6453 1.33424 0.426232
23.7365 5.39394 0.986774
20.3418 5.49868 0.362146
3.40978 1.32446 0.0644907
22.9768 7.28542 0.528647
14.2766 4.83727 0.0657482
10.8018 8.4054 0.667462
20.1433 1.62836 0.0373929
9.48777 4.58824 0.0589009
34.0813 2.82697 0.105606
21.2322 5.61523 0.603332
26.2107 5.31457 0.939069
5.08567 4.47861 0.0615718
2.70896 2.83924 0.0672209
7.18724 4.40446 0.0488169
7.58279 3.25352 0.0484259
19.6629 7.78542 0.788056
23.144 4.03371 0.348603
31.0559 4.15354 0.338685
4.64322 2.25981 0.0578207
17.9189 2.21852 0.0425307
23.2632 8.33698 0.0696814
15.2364 2.7444 0.0684424
3.88099 7.58931 0.0536143
4.68523 5.19835 0.0423148
1.7978 8.56974 0.0637388
12.0994 1.43401 0.0480588
6.79807 8.22936 0.0993081
32.8317 6.75139 0.0375706
22.3144 4.96443 0.528297
4.73226 6.19541 0.0284815
23.46 6.31409 1.00565
18.1482 3.91888 0.0732724
28.9044 5.54534 0.340311
7.71768 1.99761 0.0555719
12.9451 0.186688 0.0531911
17.6311 5.91266 0.172064
18.3842 4.14675 0.0633967
6.22595 7.91464 0.0520354
28.9049 2.30769 1.03124
6.70831 7.14898 0.0653708
16.7732 8.6205 0.507893
20.2756 7.84924 0.622584
15.9666 8.4289 0.855316
12.7381 1.39024 0.0443175
25.332 1.4428 0.200192
18.799 1.9954 0.0532857
24.0547 3.15936 0.260727
26.6585 1.0086 0.379518
31.9902 1.31704 0.616886
17.7611 0.161489 0.0668743
15.2744 8.15695 1.02909
31.8461 3.15585 0.386359
33.3608 5.47151 0.043696
30.3061 3.97264 0.549919
8.21641 6.49427 0.0359934
31.4792 7.0456 0.0773724
22.8404 3.34733 0.171288
18.7376 4.67874 0.0371366
5.83407 0.852078 0.0533098
6.85652 2.49506 0.0551683
30.0812 1.94691 0.982742
11.0295 2.69681 0.0485292
17.1416 2.83571 0.0511706
15.6173 5.02554 0.0417994
14.2162 2.90841 0.0483237
15.5421 2.85677 0.0549235
10.746 7.26542 0.0622018
31.1877 0.10613 0.889055
18.477 0.0459696 0.0317035
11.1924 0.499199 0.0592746
8.51003 7.56487 0.0485538
27.9485 5.53889 0.514849
27.5426 6.3624 0.281632
28.6028 8.3702 0.0751235
21.1513 1.90532 0.044267
12.4012 8.0408 0.58885
8.49208 2.12033 0.0458609
13.8101 4.53489 0.0567392
4.46039 5.95255 0.0372681
10.5941 6.96804 0.0397865
12.9688 2.16849 0.048976
5.31763 4.16919 0.0376556
6.51424 0.398463 0.0682343
5.45147 2.51606 0.0606667
14.3358 8.57366 0.965145
32.0773 7.9106 0.047526
33.1468 5.08747 0.0648713
4.9112 6.87395 0.0643765
21.1443 7.88532 0.428523
1.67852 2.90041 0.0499668
23.4947 8.56957 0.0833681
22.1584 3.92014 0.185929
18.4304 1.38875 0.0458937
10.6788 4.63285 0.0463891
16.8456 5.18844 0.0802586
2.78121 6.05537 0.0423518
23.1216 5.86413 1.02864
27.1756 0.362231 0.460334
4.32425 5.58525 0.0673805
34.4683 8.055 0.0710989
7.35206 5.85673 0.0369484
31.7153 8.52339 0.0564844
33.8016 4.47058 0.0636641
15.4935 7.08122 0.390496
29.248 1.22598 1.00002
20.0377 7.82703 0.676077
10.4941 3.81447 0.0661701
24.1706 7.66209 0.173662
13.3447 2.80404 0.013566
6.55665 5.45656 0.0649458
26.9632 7.39923 0.0863687
7.78371 6.21726 0.0458209
32.3309 5.41818 0.0728353
8.05487 8.48345 0.290589
12.1572 0.769091 0.067312
27.947 0.891439 0.715741
29.0924 4.82081 0.514823
14.7533 8.34399 1.02903
21.6116 5.99981 0.923903
32.648 2.70629 0.335274
11.1001 0.941452 0.0620309
10.3527 3.91802 0.0380783
4.95716 4.19774 0.0581682
24.2302 4.09272 0.616344
24.302 5.41299 1.04367
5.54978 2.3843 0.0610707
25.2519 7.69464 0.117755
11.0042 2.51999 0.0657348
18.372 0.935825 0.0569811
20.0372 3.0499 0.0600529
20.75 8.17816 0.262818
19.727 1.39336 0.0457643
14.6777 2.427 0.0627336
24.6178 8.09827 0.0958771
8.44178 3.04223 0.0529303
30.1973 7.36865 0.067848
14.3017 0.397075 0.0503886
27.0067 7.76536 0.0440052
21.5762 2.07381 0.0605434
16.4012 1.57815 0.0571461
17.1983 6.48721 0.31656
18.8267 8.64789 0.184521
15.3117 8.38413 0.984006
20.0287 6.57522 0.903522
17.2243 7.99083 1.00954
29.3359 8.62692 0.0297806
10.1259 4.83126 0.0625643
26.336 1.26391 0.339951
15.0821 7.42364 0.556612
29.601 3.46001 0.829979
28.8232 2.73259 1.06365
3.97813 4.37796 0.0533043
32.1005 0.304757 0.667543
28.3074 0.163442 0.731466
23.1371 2.31011 0.0616649
7.83274 5.20795 0.0611004
28.9714 6.54989 0.114427
21.0186 8.36586 0.132569
9.14922 7.15055 0.0607058
22.6124 8.22533 0.125148
5.45804 5.56161 0.0715017
24.5735 6.41429 0.760983
7.86258 5.1336 0.027016
11.5907 0.711723 0.0210725
2.25748 0.541039 0.081885
13.8209 6.64362 0.094315
21.5139 1.76851 0.0671737
23.1541 6.90302 0.746446
15.2302 4.05585 0.0468435
10.7412 0.0607171 0.0471632
4.64233 4.90777 0.0361855
13.2536 3.87215 0.0459178
27.2986 0.645748 0.487781
32.2969 2.28179 0.441153
31.8833 2.68006 0.499358
4.28294 3.02125 0.0506772
5.71664 6.17769 0.0401029
13.6441 1.46197 0.0763843
19.9444 3.87437 0.0850788
3.1575 5.30371 0.0509844
4.45456 8.27099 0.0299869
28.7248 1.00499 0.945556
34.3858 0.693254 0.174824
15.9593 1.67557 0.0414694
27.6598 1.92786 0.826018
24.6839 1.42259 0.116876
26.8685 0.664207 0.39194
15.3907 1.83143 0.0434026
32.1612 1.95221 0.525574
5.56981 4.19126 0.0482728
10.2861 5.66121 0.071985
22.4789 3.18021 0.108966
9.73639 1.46988 0.0570503
29.1796 0.827434 0.997126
28.612 2.29929 1.03181
27.5379 1.49293 0.680086
30.481 4.20425 0.443115
22.4744 7.61333 0.420153
7.51404 6.26178 0.0628223
12.3542 1.77627 0.032653
1.64205 0.31313 0.0442398
14.5511 0.590972 0.0351302
22.4835 3.80881 0.188224
24.4929 3.17782 0.350352
25.0772 5.9645 0.867186
10.067 0.733192 0.0573416
31.9785 2.22478 0.545925
19.4701 5.99372 0.471217
8.34495 4.96491 0.0431541
32.4171 4.51593 0.130576
23.6888 7.88054 0.128997
24.031 0.990511 0.0918189
21.549 1.70848 0.0875635
1.54527 4.94309 0.00996511
19.706 4.94082 0.151303
25.3187 8.56609 0.0518619
23.4709 8.5427 0.0597769
8.60489 5.13274 0.0461665
17.1654 6.63249 0.377917
25.3817 6.09541 0.764733
31.2615 1.16184 0.835301
9.08201 5.26403 0.0480927
20.4022 2.67238 0.0517902
3.77086 3.13733 0.0427777
7.29324 1.36592 0.0848378
14.0158 0.0728363 0.0315155
2.05978 7.46087 0.0444431
13.1949 6.26708 0.0370502
30.2363 6.57423 0.0632216
11.4749 2.51736 0.0736445
6.47991 3.64801 0.0496114
4.94094 1.53914 0.0377168
19.7241 5.26302 0.197239
14.7778 7.33462 0.437986
22.1646 6.80693 0.958128
14.7651 8.1614 1.04293
18.8933 2.27648 0.0398284
14.8743 6.12964 0.0637278
11.0173 1.1075 0.0493419
1.83698 4.68727 0.0255758
10.8343 0.963582 0.0683159
25.9863 4.72265 1.03286
12.8836 4.73816 0.0524751
26.9759 3.03234 0.894976
2.88024 3.05458 0.0856989
24.7106 6.21515 0.843719
28.7372 4.20435 0.845271
9.54125 3.56275 0.0425509
14.0171 0.985122 0.0480813
10.213 2.46721 0.0500687
15.8875 7.40336 0.707893
31.8321 8.49516 0.0352749
24.498 3.26157 0.389372
4.944 7.61086 0.0934303
34.3915 7.63612 0.0357443
23.935 1.90619 0.0797902
28.3549 2.39311 1.00176
29.2143 6.08339 0.151534
31.8416 2.67453 0.518344
27.1279 8.34929 0.0579744
10.3972 3.19082 0.0675036
26.1484 6.38197 0.449696
23.561 6.18174 1.01436
15.2682 1.86727 0.0547202
30.2124 7.56867 0.0381444
1.88906 2.87304 0.054622
18.1572 0.96205 0.046119
30.6881 0.438393 0.994789
19.0561 3.949 0.0355492
14.1074 5.53236 0.0209325
5.06554 2.37188 0.0709923
7.76839 7.35832 0.0524669
10.2391 2.33809 0.0490539
34.2743 7.40709 0.0893466
19.5981 0.289104 0.0658176
11.643 2.29567 0.0573344
30.7689 1.39386 0.925032
21.6573 3.9129 0.144346
11.2221 3.06631 0.0542404
23.0914 3.45018 0.199967
2.34486 7.44248 0.0722614
18.7239 5.06536 0.115224
18.8673 5.29161 0.153198
3.75857 3.40879 0.0385882
23.2888 7.06215 0.610778
2.26824 4.38558 0.0676335
7.90376 6.52007 0.0544786
25.9601 7.99006 0.0518414
14.7546 5.34897 0.0573306
25.2864 3.80329 0.741767
19.2902 2.30406 0.0447246
16.8136 7.9709 1.03649
21.054 6.6852 1.05868
2.16806 6.98786 0.0561359
1.60276 1.93503 0.0381986
32.4534 3.81673 0.191207
24.2747 7.72261 0.150913
7.56037 2.14996 0.0353952
24.3759 7.11363 0.390644
32.0534 4.70779 0.133182
29.1184 1.91195 1.02468
22.6729 3.28151 0.102642
18.8269 0.666265 0.0383647
22.0445 5.88268 0.9209
7.5182 6.35332 0.050807
16.221 0.253237 0.0696802
30.4017 2.63436 0.854753
13.4807 6.719 0.0851585
10.3332 1.75117 0.0563342
18.6835 4.69326 0.0670313
28.3194 7.04338 0.103012
30.6048 4.98153 0.222438
34.4568 1.06822 0.136058
33.3214 7.94613 0.043092
5.06103 6.52628 0.0687571
16.5416 4.93756 0.0459905
19.7259 2.90904 0.0405128
23.8689 5.08939 0.927429
5.17452 3.42204 0.0682114
13.5171 1.03736 0.0442528
13.9176 1.06747 0.0609521
21.5456 0.396018 0.0408498
13.6818 1.48888 0.0714149
11.9091 2.14639 0.0343494
7.64447 5.55244 0.0463171
23.3736 5.07067 0.812088
11.6942 5.16131 0.0364792
8.25709 7.18436 0.0501713
31.5746 0.831505 0.788818
14.1935 3.399 0.037907
10.9349 0.693022 0.0788699
4.48508 3.66003 0.0540033
18.6472 0.688661 0.0553232
12.7608 0.579852 0.0386763
20.8023 0.911169 0.049381
11.7621 3.40763 0.0635694
16.9843 6.66952 0.375539
5.73184 2.46392 0.039835
3.54885 6.48339 0.0377473
32.295 2.03892 0.459268
25.7368 2.51026 0.462208
15.3508 4.12028 0.0381371
8.0745 0.655328 0.0748392
23.392 3.92317 0.344175
21.3957 5.10041 0.408609
21.9852 7.20679 0.778981
33.7635 0.490844 0.220769
13.144 6.99127 0.0789585
32.1327 4.97882 0.0953791
15.8035 5.05464 0.0519341
33.6773 0.446478 0.235091
33.5881 7.69016 0.0540565
15.2004 2.42389 0.0221792
17.9605 4.7762 0.0674654
31.0331 4.70759 0.263049
30.958 7.95408 0.0645276
4.64928 5.25638 0.0650021
18.1605 8.66447 0.247024
4.73929 2.02895 0.0436685
29.4363 5.78737 0.208077
10.4104 5.04149 0.0450621
12.3676 4.4883 0.0597137
12.0513 5.48541 0.0354316
25.2174 4.81218 1.02753
12.1829 2.94392 0.0526811
16.0508 5.6074 0.0321078
30.3316 0.728842 1.02862
16.029 4.18663 0.058712
31.7854 3.95766 0.27559
31.7594 1.86363 0.644091
16.4919 4.96509 0.0732737
9.15155 5.85509 0.0490574
32.4666 1.09262 0.505847
19.9098 2.59563 0.0645429
13.2222 0.5421 0.081908
3.45702 5.2192 0.0449232
16.8092 0.713919 0.0728007
2.63859 2.00497 0.047385
22.19 3.91434 0.163974
14.525 3.94822 0.0366086
11.1181 0.288305 0.0371063
8.74768 8.27963 0.247689
26.4773 2.0105 0.516242
31.1738 5.33115 0.116627
1.7859 1.94209 0.051969
18.9788 5.20708 0.158257
4.07674 3.08301 0.0488596
2.66421 2.78445 0.0392044
33.9415 4.14624 0.0843698
11.8386 5.12443 0.037498
19.1128 5.22814 0.158361
31.298 6.01748 0.0847565
22.6951 2.34744 0.0777581
13.0294 0.800606 0.0435472
24.6688 2.21429 0.205175
27.3374 2.85536 0.899143
22.806 5.30845 0.831192
14.2584 3.62172 0.0855537
26.4344 2.72043 0.67998
13.8215 0.859518 0.0190044
13.4503 5.21462 0.0400072
10.7847 0.961179 0.0282976
33.6394 4.51766 0.04662
5.44337 6.01627 0.0478917
3.24253 5.44588 0.0475425
11.1443 1.39597 0.040532
5.57654 3.1111 0.0666413
13.5885 8.22376 0.956146
32.4732 0.793359 0.511666
32.7791 5.93236 0.0613178
9.02693 3.8142 0.0310184
11.254 5.36201 0.0447148
14.7713 3.44111 0.0374828
32.841 1.08188 0.426615
10.2456 4.91533 0.0459399
26.6656 0.0533629 0.2932
22.5921 7.55176 0.423779
30.5222 6.98101 0.060625
10.637 3.26666 0.053666
32.1211 4.69644 0.147284
34.3855 4.61037 0.0439902
14.5772 8.56234 0.945123
32.3745 0.382131 0.581612
25.6606 2.60175 0.457949
8.94671 3.55738 0.0167524
16.0746 6.88201 0.375757
9.78039 6.38031 0.0470906
31.2965 3.70018 0.414261
9.08077 0.102194 0.0541612
30.466 5.66303 0.138819
10.64 3.555 0.0683917
30.9313 1.02093 0.928278
27.6706 5.51498 0.576262
25.6794 3.88845 0.835915
10.3669 2.67798 0.0365858
25.1524 2.35236 0.297138
22.1834 4.55197 0.373108
12.9703 2.16462 0.0375454
34.0484 3.43732 0.0974762
33.0694 8.23277 0.060018
23.0567 4.17556 0.372895
31.4539 2.21547 0.648835
12.5327 4.55576 0.0203944
7.10811 8.01741 0.0803657
12.5526 7.57102 0.235435
20.2584 5.91916 0.59145
31.2587 7.85775 0.057739
29.1817 6.61304 0.0717816
9.45077 5.94449 0.0566947
28.5031 3.74123 0.953839
30.6996 1.30575 0.952395
20.7569 6.39798 0.924455
17.8429 5.54346 0.122055
17.0087 8.45926 0.639001
8.01422 2.8055 0.0526714
10.0042 7.6627 0.106637
18.2215 1.9102 0.0403112
18.4053 8.27029 0.555142
19.0197 8.70329 0.134624
16.2422 0.412258 0.0649158
29.5363 2.8373 0.966533
7.02442 8.72485 0.381867
7.37362 8.46304 0.211615
32.255 5.86127 0.0580174
20.8234 1.17538 0.0352231
21.884 0.0578376 0.0184245
17.0668 2.17828 0.0640545
15.63 8.25436 1.01228
13.0673 7.03491 0.0907194
19.1116 3.74508 0.0443305
28.7878 6.65315 0.0975175
2.95636 7.88592 0.0204034
32.5943 2.62124 0.341167
7.7637 7.64221 0.0556554
17.6461 2.35576 0.0566841
28.8007 2.87286 1.04648
5.88106 0.390854 0.0348912
22.9693 1.4 0.0352412
21.4936 4.81455 0.319484
19.7862 0.209233 0.0419749
28.8957 4.77027 0.623684
5.78696 1.48563 0.0454655
8.76956 6.54411 0.0560174
31.5864 1.11859 0.759741
32.8261 1.8093 0.353421
5.59818 2.35019 0.061141
23.625 5.09297 0.869032
4.72906 7.06617 0.0279903
32.333 6.58306 0.057445
32.6352 6.47842 0.0697358
24.3024 5.95818 0.996406
17.332 4.74891 0.0513603
23.0036 2.99453 0.121534
19.9809 1.57201 0.043348
28.722 7.54911 0.0697387
28.9977 3.57632 0.943521
29.9158 5.68282 0.173238
29.1614 0.596761 0.991037
8.79087 3.15409 0.00569642
8.29097 0.877633 0.0521435
24.5049 3.09862 0.35025
19.6918 6.40849 0.759522
33.4547 2.98158 0.152798
3.35637 5.96232 0.0378641
14.8329 1.0765 0.0597875
30.1308 3.36465 0.763564
16.3153 3.5841 0.0563363
5.92498 4.44907 0.0324683
12.2957 1.99613 0.0537193
33.2472 6.10644 0.0731936
26.9556 7.71138 0.0610917
29.1966 7.10239 0.0795643
10.0897 0.269861 0.0625887
27.9782 4.26611 0.967178
1.6742 3.00661 0.0395333
8.74017 5.00665 0.0398798
22.1474 0.727956 0.0406569
23.2271 6.37704 1.0116
16.5341 3.64263 0.068367
33.1429 8.24977 0.03406
13.7024 0.166719 0.0303626
10.4807 3.65108 0.051483
8.23168 4.25376 0.0691862
26.1461 7.26367 0.139081
28.4389 6.61082 0.127221
28.713 1.59087 0.984901
22.0275 2.6896 0.0772778
2.6505 6.43066 0.047589
15.1729 3.66824 0.0567907
7.0181 2.29903 0.0598424
10.8433 8.13388 0.394619
2.41043 7.36903 0.0746991
24.4048 3.1061 0.309256
9.75536 4.80297 0.0438411
20.0687 8.12114 0.407843
33.2437 1.89271 0.306428
9.27919 7.94586 0.143738
10.9342 7.73029 0.15536
9.96029 6.34951 0.0508602
3.68362 5.99616 0.0428462
20.222 5.98713 0.596222
19.718 4.75646 0.106231
21.2684 5.0892 0.390114
33.2716 1.72472 0.304921
20.5282 4.91719 0.207345
21.6297 5.88149 0.846845
30.8854 4.24365 0.367038
30.351 5.93695 0.124857
18.7845 4.00461 0.0598527
21.4924 7.02245 0.951356
13.6143 6.30061 0.0366437
17.9279 0.778248 0.0506117
17.443 6.72377 0.500558
19.0039 2.48919 0.0410708
9.27515 0.711694 0.0393497
21.3262 1.05948 0.0417024
10.8653 2.83168 0.0519261
11.7516 4.58537 0.059694
11.6203 2.88598 0.0374861
27.3968 1.7781 0.734416
3.81543 6.72304 0.0708116
34.3371 3.26681 0.0915919
6.94605 7.63801 0.0565623
21.9107 2.13693 0.0790058
9.16259 6.02965 0.036121
24.0959 3.12429 0.267831
29.7632 7.42654 0.042324
15.8195 5.64952 0.048376
16.9706 5.93092 0.140021
33.9615 0.811588 0.204596
20.9465 6.56697 1.02128
13.5831 3.09764 0.0509791
9.09048 6.46929 0.0468661
29.5154 7.38708 0.0748847
24.5729 1.06978 0.0999215
11.7734 0.134103 0.0370501
18.2036 6.62453 0.570256
6.03709 8.46495 0.105286
27.1408 7.86933 0.0573175
31.1967 3.80665 0.40243
25.5149 7.28595 0.179467
24.9888 0.20549 0.0915653
5.79387 0.511331 0.0563017
31.5634 5.082 0.134108
21.1426 4.61071 0.196901
31.0723 7.20947 0.0565826
26.1268 2.04037 0.442337
30.8158 4.04371 0.414084
28.1711 8.64823 0.0661487
25.6265 2.64624 0.461943
21.2873 3.53493 0.0725876
10.7071 5.30978 0.0638745
9.78896 8.69718 0.861578
31.6997 1.59718 0.668749
27.8201 6.03908 0.321099
9.82834 3.62007 0.0630063
4.94156 3.50237 0.058982
30.421 2.24456 0.926996
1.94538 4.06777 0.0693976
22.093 5.02384 0.493058
24.8502 3.42823 0.518744
15.5273 4.41987 0.0259724
31.655 5.55864 0.0700271
22.8227 7.4442 0.435156
34.2531 4.90352 0.0641942
24.3011 3.34364 0.342081
19.9068 8.4035 0.239993
4.15312 1.50787 0.0274151
30.5812 0.397608 1.03692
5.37326 7.93899 0.0441833
10.5985 2.32353 0.0496209
22.9012 1.32427 0.0405208
24.0744 3.36738 0.322218
32.0441 2.99688 0.411539
32.7162 3.09975 0.260879
31.9075 7.43874 0.0326895
27.5691 2.53835 0.895087
14.1042 1.15935 0.0474878
25.3844 1.88508 0.286794
6.63496 8.30033 0.0955549
12.206 3.74808 0.0563549
34.3793 3.15266 0.113275
22.6025 6.79419 0.947585
32.1484 8.17713 0.0594979
6.97966 4.45921 0.0339293
21.2613 7.11931 0.935353
7.56753 2.31239 0.0752593
24.8198 3.06288 0.400559
32.0915 5.03807 0.0737143
15.9043 2.06611 0.0422194
2.07971 2.40538 0.0430128
12.4788 1.63914 0.0447424
4.36203 2.29263 0.0594506
16.5957 7.33569 0.785712
27.957 6.94648 0.116262
33.891 0.995808 0.189415
10.6775 3.0496 0.0542562
6.42528 6.31243 0.0468105
3.0587 7.514 0.0340016
11.6539 4.89615 0.0624336
10.0133 6.35056 0.0301846
8.34194 2.07495 0.0291281
30.6905 6.83305 0.0787383
10.9362 7.17447 0.0729895
6.73866 3.55716 0.0621808
6.48093 2.06124 0.06954
25.4357 0.289165 0.114391
15.6999 5.50224 0.0782273
14.3064 5.52837 0.0530929
24.7541 0.0104554 0.0902129
22.3461 4.5461 0.388343
16.7437 8.20201 0.941715
21.9511 0.252378 0.0446759
11.6746 1.20088 0.049759
15.7549 0.504839 0.0524324
23.8037 3.81534 0.424203
2.21911 3.36295 0.0169063
14.9703 7.60525 0.699756
14.1079 0.580606 0.0360687
12.1634 1.75247 0.082671
18.0352 8.19803 0.726262
24.2414 0.166136 0.0939847
25.8844 2.26502 0.425779
26.9265 3.44578 0.995102
21.966 0.00511966 0.0567182
2.01175 2.51017 0.0563677
9.64428 5.2696 0.0569572
23.5404 5.37751 0.925831
5.37286 5.32047 0.0278584
20.6404 5.68826 0.516333
2.0058 5.37048 0.0513696
29.1859 0.302085 0.973245
7.01407 5.72281 0.0624542
15.8447 5.10239 0.0581056
5.48492 1.90314 0.0687433
7.32833 3.66667 0.0395098
17.0433 2.07728 0.0553778
18.7097 7.5863 1.02091
29.9997 2.43669 0.946078
8.34705 1.42375 0.0233981
30.6079 6.96256 0.0519502
9.32322 6.65233 0.0363237
14.5018 7.44799 0.454617
33.1492 5.92014 0.0388515
18.4647 3.64318 0.0346962
9.90031 4.156 0.0923235
16.448 4.8524 0.0531768
28.6425 5.20902 0.46849
30.2276 8.26104 0.0468922
5.22279 2.31971 0.0500958
18.5124 6.71598 0.691611
13.8865 0.14791 0.0656987
4.24849 1.66266 0.0357817
16.0011 8.25394 0.995851
11.2316 2.19443 0.0426866
25.87 4.46662 1.01163
2.03663 8.01009 0.0983454
16.4372 5.72096 0.0707077
12.8677 4.26911 0.0264643
15.3883 6.13393 0.0765477
15.8026 8.55095 0.738224
33.7979 8.2261 0.0658011
24.123 1.58421 0.106501
14.1819 1.2239 0.0314294
12.6279 2.51668 0.0760058
15.9192 1.26838 0.045855
32.3201 6.67785 0.0306517
21.1926 7.2872 0.884247
32.9726 1.22981 0.394408
8.28126 0.639491 0.0339371
18.6936 2.82955 0.0323796
25.301 6.00369 0.823518
28.7306 6.73176 0.0800769
4.92592 4.02646 0.0575636
14.8962 5.58532 0.0575818
30.2825 8.01933 0.0312584
21.7499 7.69313 0.449092
6.18241 1.02881 0.0454586
15.3778 6.23366 0.114234
18.0597 6.78738 0.660143
1.56173 7.92972 0.0583313
15.3913 3.65435 0.0394493
17.1476 1.36386 0.0558149
33.2673 4.14087 0.096549
18.5928 3.23591 0.0561177
18.8919 3.44111 0.0370849
4.02291 7.01613 0.0378252
2.73447 5.69736 0.0784914
16.6779 5.94442 0.128217
22.3062 5.70455 0.86914
8.69694 1.23827 0.0669414
20.4193 0.510068 0.0465352
4.64632 3.45277 0.0695979
10.5439 7.42658 0.0594911
18.7128 5.6696 0.215171
11.6411 6.91644 0.0551531
16.1767 5.44038 0.0493177
25.0181 6.85509 0.400714
7.38937 8.70648 0.451062
23.1359 6.23421 1.03442
33.2259 7.53115 0.0442488
28.725 8.50286 0.0239175
13.882 6.47285 0.0899146
22.579 7.10548 0.748168
5.22425 0.686802 0.0465662
25.3164 0.318033 0.102608
26.1858 8.07053 0.0629716
8.79608 2.07762 0.0491848
14.0371 2.66857 0.0270358
21.4571 1.18188 0.0816379
23.2163 5.54589 0.981554
21.9691 0.259466 0.0345948
26.2059 6.98405 0.189978
29.5709 2.60788 1.01623
16.9956 6.50145 0.324088
1.9978 7.95957 0.0584154
28.1051 6.03328 0.290328
5.10794 3.7106 0.043797
18.9925 5.46155 0.221898
25.0497 7.47515 0.154056
28.1399 6.21645 0.227049
19.0028 2.20472 0.0556794
22.3893 0.0666054 0.0463318
33.3292 7.68909 0.061698
26.9155 5.44843 0.779299
10.8797 0.554975 0.0160797
32.3473 4.81535 0.103689
23.8776 5.14801 0.958445
11.471 2.56397 0.0714016
10.6101 7.7439 0.141105
16.1172 2.09546 0.0602632
18.3139 1.25717 0.0529354
29.3826 2.70351 1.01911
16.5697 2.9575 0.0405026
24.9688 7.7268 0.122256
12.5574 5.74275 0.0687064
16.9788 1.06574 0.074412
12.2016 3.44066 0.0541945
14.4422 0.898106 0.0522549
24.5749 6.16804 0.900485
9.14602 7.47225 0.111045
17.6527 0.817159 0.0467552
25.985 4.36904 1.01882
1.83683 2.13795 0.0771355
14.9916 2.49128 0.0331047
26.9977 6.52701 0.226032
23.1599 8.53924 0.0742579
28.3928 2.43765 1.03954
9.98368 4.742 0.0706127
21.7772 2.71213 0.0804175
11.6697 0.543097 0.0672015
4.28539 5.26558 0.0399915
27.4376 1.35779 0.658028
11.3602 6.01021 0.0356008
25.6862 6.53064 0.447301
26.9463 1.24409 0.487714
28.0961 5.21152 0.583825
11.0702 1.8211 0.0337129
27.9563 6.66981 0.127471
9.56303 2.49908 0.0440713
23.4332 6.02687 1.04905
1.78481 5.66258 0.0348078
27.4184 5.02712 0.815025
3.57884 1.90223 0.0479386
25.2032 7.2916 0.204186
22.3752 3.10117 0.109117
3.5689 6.73471 0.0619618
20.7383 4.15126 0.111031
24.807 3.91621 0.67584
28.1509 6.22482 0.230856
33.8845 2.97911 0.136415
9.41253 6.67267 0.0533808
15.5502 3.88861 0.0364626
13.604 6.47232 0.0720731
23.352 6.09656 1.05815
7.76587 8.26215 0.131491
19.9669 3.57154 0.0784415
9.36681 3.05017 0.0424446
8.36544 8.69481 0.592244
26.3907 4.51288 1.07574
19.5964 3.65741 0.0599682
27.1911 6.12439 0.385398
23.367 2.18614 0.099982
29.5736 8.37074 0.0442434
17.2157 6.58866 0.370999
1.91751 5.67256 0.0661163
34.4919 2.55076 0.0837117
9.07825 7.07351 0.0655501
28.6805 8.0332 0.0388089
8.07666 6.91692 0.0646033
18.3503 7.97341 0.855929
11.0268 0.80575 0.0779926
23.1807 6.4783 0.958578
4.11762 7.57152 0.0161413
3.87867 4.16172 0.0946765
16.7328 0.700446 0.0506782
29.5166 4.74212 0.475134
16.8785 2.11979 0.0500269
5.39322 0.284948 0.0452996
34.2682 8.17886 0.0546622
4.98896 7.2744 0.0386488
11.7372 5.54521 0.0833601
20.1706 6.54196 0.906658
10.3909 5.86843 0.0600171
24.5746 4.04517 0.683224
15.3356 1.05991 0.0467602
27.7255 2.52361 0.943906
4.22197 4.42305 0.041907
28.6402 5.08742 0.520716
31.2919 2.63516 0.623941
9.88274 1.1119 0.0666446
9.33937 2.9921 0.0660982
30.611 1.62245 0.931838
15.1525 8.13325 1.05962
14.6269 1.93121 0.0363141
20.7871 3.4441 0.069586
19.6146 4.73588 0.121134
28.3229 2.20506 0.952938
23.6018 4.32544 0.558869
24.7865 4.83075 0.97384
15.7041 0.429184 0.0274972
18.4528 8.28043 0.568419
29.7141 4.70188 0.454211
30.0961 1.27648 1.04133
21.6797 8.58633 0.0712833
21.0055 1.47044 0.0401714
11.5044 6.35792 0.0309956
17.3506 4.21656 0.047678
7.97557 2.25099 0.0338118
17.5297 3.31788 0.0431475
3.47916 4.20565 0.0559301
10.0048 3.24184 0.0618883
10.9153 2.15897 0.0562157
17.1317 3.63656 0.0542495
24.0105 3.80892 0.444462
4.7271 6.01094 0.0641403
22.6428 1.72661 0.0774054
27.0826 0.397489 0.415228
6.97146 7.28714 0.043447
6.08603 0.605629 0.0348343
4.84511 5.51873 0.0452061
22.3689 4.79789 0.471651
14.5822 8.52177 1.00022
2.76955 1.65997 0.07037
5.34218 7.75829 0.0298126
13.4943 1.13878 0.0615004
3.2185 1.49896 0.0460735
27.6672 5.71423 0.451586
7.88927 1.44793 0.0535671
28.2421 5.1261 0.595619
2.66632 5.89963 0.0543801
12.6535 1.09629 0.0576154
32.1789 6.90598 0.0404195
6.50717 3.69781 0.0724236
2.70622 8.45209 0.0550005
29.1439 0.0999511 0.951771
27.7952 0.686942 0.624145
17.881 5.41998 0.137715
5.66317 2.248 0.0374984
11.176 3.51949 0.0506474
16.1653 7.94362 1.04985
33.2792 3.00517 0.205983
8.55207 0.447902 0.0290951
23.3046 1.25006 0.0256114
24.8316 4.85565 0.991402
30.227 6.77154 0.0359974
23.7446 6.62292 0.799189
13.8642 4.12134 0.0808954
16.0934 2.09438 0.040463
17.1836 1.12316 0.0597606
20.9237 1.95126 0.0336511
19.0582 1.75127 0.0949224
4.88545 7.93085 0.0449015
27.0127 3.56376 1.00699
13.5262 1.01983 0.0473161
22.1186 5.57742 0.784825
11.7639 3.99624 0.0656936
16.2641 0.254152 0.0458755
34.3623 8.56311 0.035367
1.96361 8.27061 0.0415007
22.6034 2.29503 0.0654033
7.72303 7.28033 0.0515066
33.007 3.97762 0.134747
28.5804 5.88788 0.250507
28.9584 5.71031 0.256199
29.1405 6.39673 0.141534
12.8469 3.84993 0.045024
18.2059 1.28111 0.0696108
31.9341 7.02958 0.0426825
17.0482 3.84928 0.054509
32.5133 3.86357 0.177985
28.356 6.63591 0.0874326
17.6118 5.99025 0.184493
18.8919 8.64368 0.206022
18.6579 3.39043 0.0687569
10.3696 5.5487 0.0648986
13.0469 0.732131 0.040044
15.6098 0.983699 0.0434411
19.0932 2.22608 0.0309922
30.4034 2.44673 0.887988
17.4917 3.89979 0.0614115
19.9327 1.99983 0.0519622
24.8309 8.18185 0.048337
27.8801 3.74067 1.04732
33.5996 3.34176 0.136061
25.8803 7.88378 0.0709084
21.2589 6.95456 1.00929
25.1629 6.73136 0.461744
5.53369 7.98922 0.0407695
25.8932 6.43761 0.465498
8.73193 2.67109 0.00971444
30.5536 8.40203 0.0516505
30.2828 0.237264 1.04062
22.2327 7.84066 0.278641
32.4571 3.6657 0.242187
3.18733 2.95119 0.0671202
4.00535 4.1478 0.074766
17.8631 3.49428 0.0472552
8.04436 7.52026 0.0490254
2.23956 7.04536 0.0537994
33.167 6.52581 0.0636112
15.3241 2.03386 0.0718816
29.2207 3.84466 0.81898
10.9212 0.655895 0.0463473
22.3558 6.48949 1.00667
3.78129 0.368396 0.0449505
21.933 3.46057 0.120021
24.8038 1.32073 0.141799
21.8675 7.44703 0.663538
17.3723 8.02799 0.975693
25.8689 2.53032 0.481012
8.93456 7.62477 0.053885
23.7674 1.55603 0.085976
10.9686 6.21536 0.0747031
3.65187 2.19081 0.029943
13.8565 3.89388 0.0345096
26.3326 5.34022 0.911998
6.96513 3.06904 0.0439561
27.0753 1.72917 0.624036
13.2972 5.13786 0.042148
17.7348 6.93918 0.710052
3.79355 8.70344 0.092111
7.02134 2.81703 0.0524825
23.4822 2.25157 0.122478
31.663 0.668012 0.73922
10.3095 1.7892 0.0226673
24.2148 0.226658 0.0440284
30.5337 2.18231 0.892121
29.4226 6.34511 0.104759
32.9013 1.00247 0.41764
5.06584 5.64905 0.0539452
23.5591 2.57736 0.133672
11.121 2.00024 0.0219244
2.90802 4.22656 0.0390699
17.9717 3.81273 0.0567476
33.096 3.90491 0.113108
12.8886 1.02774 0.0417262
10.1376 4.93464 0.042496
34.2 7.88441 0.0566318
23.6621 0.0811883 0.0426918
6.68608 0.707897 0.023514
2.18266 5.12122 0.043489
4.21508 2.78423 0.0446997
4.21983 2.20174 0.0618495
30.7585 8.63475 0.0398946
24.692 2.69356 0.280946
7.49582 8.04829 0.0710272
15.8044 5.39101 0.0480132
16.3237 0.264739 0.0807973
30.0019 2.32392 0.93706
33.6242 0.661933 0.269646
1.78388 4.70163 0.0369115
2.38924 7.93881 0.050295
21.7326 0.459915 0.0258981
3.30419 0.244958 0.0521109
15.1766 0.256309 0.0366836
22.5416 2.38588 0.0796401
18.534 1.45272 0.0698987
7.62928 8.46278 0.211179
10.9705 6.77391 0.0280831
19.3113 8.20933 0.48904
6.53371 5.0679 0.0789173
32.1792 7.17609 0.0494356
9.86815 6.19552 0.0174791
29.3749 2.55307 1.0051
7.96789 5.70439 0.0636936
17.9808 2.5281 0.075963
28.5484 4.05749 0.90798
23.4222 7.19052 0.487844
5.95592 1.92895 0.0667089
10.0287 1.52866 0.0282862
14.1399 7.4428 0.385968
18.1825 4.04838 0.0420427
33.372 1.51925 0.279103
13.0196 2.7779 0.0573705
13.4122 2.45217 0.034255
19.2334 7.83295 0.825265
9.02844 4.13204 0.065738
28.9086 8.04244 0.0660213
1.50628 4.11025 0.0697057
26.2861 8.21044 0.0456744
31.6505 8.01059 0.0229835
12.4269 4.96063 0.0520129
26.728 6.8728 0.188719
25.4718 2.50965 0.39747
27.1916 1.00923 0.513696
23.4635 5.28093 0.924777
19.542 0.482368 0.0334461
10.8656 4.08594 0.0616469
15.5226 5.41899 0.0811831
5.31257 6.70861 0.0513042
22.4753 7.83679 0.266702
18.4828 1.78366 0.0590052
3.68398 7.56412 0.0577018
5.16306 4.33756 0.0580173
12.3228 5.44313 0.0524833
7.981 4.03785 0.0450295
7.98784 7.40965 0.0756275
27.0424 2.622 0.785287
12.3271 0.0710184 0.0664854
3.63768 7.24727 0.0362405
31.8588 5.78276 0.0750921
32.9688 6.26226 0.0365238
28.7763 1.08545 0.918762
16.4234 1.80188 0.0334945
33.3231 5.46629 0.0418562
31.4622 6.53022 0.0744333
22.8696 5.77845 0.986845
24.5023 5.209 1.01632
25.315 5.72286 0.924763
19.5625 1.29194 0.0486924
30.5611 3.93926 0.498618
30.0088 2.87988 0.899951
26.317 6.43434 0.393039
24.8466 4.52216 0.877754
16.8592 6.29328 0.207099
12.6308 6.0728 0.063827
33.3899 7.91152 0.0604351
20.6115 7.48338 0.823955
32.5115 0.451212 0.509815
8.83435 5.83604 0.0541316
6.96565 3.26413 0.0402374
25.8315 0.881486 0.193311
23.5176 4.18051 0.477177
15.2167 7.3698 0.528403
18.5863 6.9606 0.886327
32.1653 0.924712 0.619919
23.9602 1.76837 0.0925664
19.656 6.07377 0.531189
10.7565 8.46203 0.712506
7.09052 0.674568 0.0608592
14.0229 0.775638 0.0505871
11.5563 6.07975 0.0612895
24.8207 5.38359 1.04316
34.2532 7.08888 0.0603704
29.901 1.73287 1.02587
10.8058 4.3198 0.0394174
11.4274 6.99992 0.0630875
21.241 3.34201 0.0704105
29.5211 3.49249 0.857725
11.5631 0.28696 0.0499472
10.7653 6.97298 0.0701747
17.2941 3.90332 0.0394511
26.9544 3.30369 0.917272
16.5168 5.72829 0.0888733
1.92964 7.45472 0.0777964
24.1603 7.57111 0.217985
30.8066 2.993 0.664092
24.3347 5.31639 1.03827
2.60389 3.38645 0.0661351
10.4518 7.33154 0.0826695
18.7809 6.93584 0.92744
17.8763 5.78359 0.177896
4.11533 7.19764 0.00693119
10.8944 4.45573 0.0579807
14.8673 4.99083 0.0380588
18.119 1.42145 0.0352124
33.9549 6.18722 0.0238333
25.1694 2.5186 0.314777
18.9197 4.91031 0.0894823
1.80722 0.0181035 0.0658652
2.56413 3.47337 0.0665909
27.0492 5.38222 0.765831
20.1852 5.51249 0.387682
23.7832 4.92715 0.834257
5.73982 2.20264 0.0364586
33.7083 5.71928 0.0810688
18.4649 5.77912 0.228872
20.4478 5.1561 0.271399
23.9995 3.29553 0.310889
22.381 1.32925 0.0417557
27.4661 4.86472 0.895931
8.42867 0.453608 0.0293583
3.54604 8.00778 0.0414569
15.4472 3.08165 0.0464641
27.2364 2.47268 0.811531
26.3985 3.93898 0.971054
14.3374 0.907541 0.0624026
26.1448 7.72769 0.0803514
27.0886 8.56145 0.0502959
27.7398 7.19519 0.0869707
33.2176 5.01475 0.0607863
16.7505 8.22197 0.93028
25.5925 2.88779 0.508933
31.7105 4.06511 0.242544
11.0989 1.49924 0.0466915
33.9939 3.71203 0.0898619
12.6537 8.1072 0.70118
23.4464 5.7979 1.05354
6.05641 4.76929 0.0752869
7.77884 4.68447 0.0292123
4.51407 5.55031 0.0252152
22.559 5.33055 0.770629
2.36443 3.95501 0.0695158
17.4449 4.46474 0.0684411
26.0472 0.885722 0.248168
10.4548 3.8757 0.046137
7.87042 5.8973 0.0453788
33.27 1.95203 0.308875
8.20048 2.42029 0.0467349
20.8244 7.03416 1.03144
16.7995 1.18764 0.0313392
31.4115 1.70834 0.764295
22.3194 7.1536 0.748102
17.4178 1.05709 0.0460351
9.8808 2.62652 0.0455296
29.141 7.95654 0.0484039
11.8478 3.60903 0.0912311
28.2646 7.14485 0.0802955
24.5528 6.68234 0.617176
19.7648 0.174562 0.0386611
34.3757 1.91936 0.120101
22.7766 7.96975 0.144603
21.2434 2.80821 0.0502115
24.8107 3.53006 0.535591
7.02046 8.17012 0.0889551
15.9923 0.958692 0.0281684
1.50806 8.49241 0.0612738
5.99428 5.65233 0.0417416
2.64906 5.49331 0.0673692
20.4325 0.00739173 0.0463876
12.2505 5.51252 0.0510375
7.21266 7.1855 0.0394706
14.6866 3.44417 0.039918
32.8518 0.638941 0.429225
3.34893 1.15406 0.0590268
5.18497 0.678113 0.0612353
30.4304 3.62693 0.60594
8.68513 7.14116 0.0329061
23.4835 0.512979 0.0644849
4.40104 3.54629 0.0697585
2.72647 3.50328 0.042939
21.8699 3.47914 0.09925
25.987 4.60364 1.03915
8.16168 4.6782 0.0554605
16.787 1.78349 0.064841
6.76784 6.94349 0.0362969
28.8374 4.51888 0.712806
5.94929 3.0772 0.0720862
20.0709 8.42641 0.21841
32.7015 6.169 0.0419925
8.47345 1.42485 0.028617
25.5573 8.4704 0.0521992
17.7913 5.05397 0.0923191
29.9065 2.97402 0.90773
30.0186 2.0752 1.02169
17.9781 0.59295 0.0451217
17.0233 2.13197 0.0515887
26.881 2.52604 0.729668
25.034 3.00771 0.433829
12.3926 8.63488 1.04715
32.655 5.17797 0.063927
18.1197 1.67957 0.0449341
9.63914 3.23894 0.059257
14.5507 3.77899 0.0640064
14.7417 0.726715 0.062605
17.9822 4.09378 0.0881374
12.8859 4.44245 0.0622497
16.6288 7.95001 1.03502
33.6237 3.78641 0.124895
34.2656 6.01898 0.0388664
9.95312 5.94026 0.0345402
11.6898 1.52915 0.0618621
13.9712 4.95715 0.0423723
9.12855 3.92449 0.0511952
8.82624 1.42168 0.0435198
17.5125 0.20916 0.048294
15.2538 8.70362 0.641359
4.06255 0.791065 0.0646428
18.6868 7.74897 0.983634
17.1332 3.20353 0.0476312
32.9122 0.714081 0.432952
29.6109 8.43077 0.0641826
22.687 5.77073 0.991904
18.7795 3.53565 0.0750716
5.22287 7.32375 0.0329716
22.7647 6.18541 1.06356
32.2913 3.63196 0.246126
33.3796 6.27406 0.0637914
32.1655 6.44868 0.0501649
25.8625 1.50492 0.321472
12.8668 6.26098 0.0804419
7.48516 8.01078 0.0762531
8.84333 6.01001 0.0581682
14.5123 6.98633 0.213297
5.33438 8.6524 0.153779
11.5807 6.9602 0.0795393
33.5862 4.10578 0.0800755
26.1244 4.91326 1.01678
24.7116 6.70201 0.581859
6.717 5.52665 0.0567453
18.2202 0.61981 0.044781
17.7181 0.525776 0.0414233
32.0489 2.38294 0.470482
23.609 7.15165 0.496904
11.4558 1.93679 0.025635
10.0539 2.78814 0.053604
5.0333 7.19408 0.0557248
17.9617 1.12687 0.0413369
22.2094 2.44574 0.0827441
14.6689 2.24112 0.0626607
32.4762 0.413979 0.532079
26.3236 6.49054 0.367554
19.6401 2.80219 0.0422485
14.5665 3.56254 0.0369293
23.177 2.9107 0.107637
24.309 0.575272 0.0769366
25.7731 7.38392 0.144367
11.8606 1.1755 0.0279922
14.8008 2.49548 0.0561149
9.26796 6.29999 0.0470207
6.04908 3.04472 0.0523516
11.7033 4.4295 0.061405
10.0773 2.88586 0.0644295
10.8614 4.8959 0.0403003
17.316 2.77334 0.0617393
14.1637 3.98913 0.0441814
25.6709 0.0777011 0.110664
10.0017 0.132848 0.081015
25.1013 4.43025 0.914495
30.8663 7.14078 0.0468926
17.9931 8.72791 0.24448
28.1087 7.01961 0.0910705
4.05886 4.58343 0.0418161
10.1348 5.63152 0.053458
4.36314 5.8681 0.0551647
17.7818 6.37686 0.364378
14.0123 8.66863 0.883061
17.4292 3.00373 0.0525239
9.11632 3.9011 0.0360195
2.64801 6.80826 0.0344058
26.5643 1.88803 0.51134
32.4522 0.838605 0.563599
7.80525 7.85668 0.0484182
25.869 0.13942 0.178901
13.0908 7.81299 0.479043
25.9704 7.99551 0.0347371
21.3513 1.44743 0.0454654
26.4351 6.60021 0.32707
34.1767 2.52436 0.140268
10.8075 2.36928 0.0543539
30.5231 8.59689 0.0685385
8.28196 7.75214 0.0731495
27.7373 6.68051 0.14102
6.70925 3.81132 0.0357048
8.11907 8.6165 0.430949
15.6907 4.98605 0.0569111
8.34019 8.56559 0.409701
28.1391 6.30492 0.197185
2.73769 0.409142 0.0415974
12.9174 6.97633 0.0865696
20.3561 7.32393 0.953009
27.9224 7.70071 0.042335
33.6934 5.43674 0.0820863
19.1978 0.328758 0.0663178
7.85416 7.58179 0.0755776
9.05546 3.68816 0.0518523
21.6584 1.71812 0.0505629
6.36045 1.82212 0.0623679
29.441 1.76166 1.04426
29.2949 7.12879 0.0754473
25.4056 0.635274 0.148625
33.5494 8.0254 0.0620903
16.3558 0.147455 0.0384032
33.1712 6.31808 0.078736
8.09237 2.01524 0.0532628
9.96937 4.49932 0.060198
19.0372 1.54958 0.0389072
30.8027 7.86333 0.0397946
1.81122 1.36252 0.0607139
29.7504 4.08015 0.618617
13.8093 5.31893 0.0692794
29.9838 3.96104 0.616705
29.7909 1.88953 1.05013
30.7732 2.53445 0.775746
20.1054 8.16759 0.377408
5.47107 1.09448 0.0514164
11.4492 0.153615 0.0639612
13.1915 7.94219 0.624826
22.95 7.74557 0.26498
12.6999 5.98835 0.0557542
17.6913 4.12496 0.0634709
13.4199 8.31996 0.984866
21.9931 3.61078 0.125723
6.54332 0.11341 0.0390463
14.3349 3.80377 0.0443979
30.4995 4.62531 0.343545
10.9312 4.79216 0.0680316
17.5705 7.76261 1.03225
27.1653 0.591979 0.460531
24.3969 7.46523 0.218317
16.8917 4.56489 0.0378434
3.93691 6.39929 0.0442145
30.1195 3.61606 0.677588
31.8591 2.58837 0.512195
27.5994 2.93402 0.964681
26.7634 2.39917 0.700961
30.6935 3.96409 0.434907
30.3325 5.22525 0.221461
17.1652 7.26245 0.837337
14.4365 1.5245 0.0402206
16.5323 3.93361 0.0245799
5.90894 4.65047 0.0526544
7.83637 7.15085 0.0320345
24.2138 6.20725 0.941824
25.8431 5.44659 0.955003
24.3582 5.8938 1.00874
20.6035 3.91693 0.084716
6.60856 7.04893 0.0612823
13.9644 7.31856 0.29457
32.881 4.94882 0.0868524
32.9369 1.02269 0.406607
11.2334 3.72523 0.0420596
13.8569 2.31357 0.0664598
7.59307 1.67629 0.0738896
13.3509 2.59313 0.0665179
16.2739 7.16104 0.582315
10.8153 3.0397 0.0600571
31.4299 3.75523 0.35033
4.0401 3.34549 0.0374745
15.9744 1.61339 0.0365978
3.81124 4.99376 0.0410515
13.3539 3.64225 0.0622815
26.6928 8.18579 0.0390911
4.82574 5.40533 0.0402023
20.6234 8.5476 0.0964352
20.3893 7.50667 0.851666
20.2645 4.28931 0.0719907
18.0781 0.143314 0.0630372
21.9129 1.86104 0.0516304
10.217 1.043 0.0635557
10.2216 6.44634 0.0704167
27.1068 1.20399 0.533169
7.25295 5.63843 0.0546691
28.685 2.81897 1.05154
31.122 4.19974 0.317498
20.2874 6.61345 0.93276
10.7455 2.60748 0.0523992
15.9127 1.50086 0.0392329
18.3872 2.51746 0.0348692
24.4968 8.24728 0.0525257
32.5054 4.83177 0.0976518
15.5845 2.50946 0.0600094
8.2762 1.27356 0.034846
11.6981 0.596255 0.0308548
32.8175 2.91922 0.279501
8.50569 5.36646 0.0579173
9.83935 3.99261 0.061561
2.55631 7.09881 0.0455899
21.7083 8.69373 0.0425921
17.0635 4.98382 0.0776034
28.7125 3.01472 1.06244
22.6735 6.94582 0.806918
23.0503 0.775367 0.0611093
24.091 6.63859 0.742819
16.6109 7.70576 1.04331
11.2892 6.78296 0.0730041
2.11522 0.862364 0.0580699
14.5927 5.07846 0.0470845
1.91849 7.01122 0.0430679
8.54439 3.59724 0.0489913
13.9324 7.37698 0.313649
18.7302 1.45089 0.0594196
14.0538 4.62117 0.0521279
8.61167 4.87862 0.0465187
26.3549 6.88934 0.20263
11.9707 3.60107 0.051738
13.1751 2.25713 0.0450953
8.86768 6.22396 0.0559336
3.8326 0.998465 0.0360287
26.4266 3.21506 0.826947
16.5109 4.09068 0.0487076
19.748 6.88534 1.0331
30.2757 3.71245 0.618201
30.6217 4.91356 0.271982
20.6049 5.9285 0.707997
32.7269 5.90435 0.0557082
19.4056 8.42112 0.315487
30.5763 4.04821 0.484164
17.0221 4.99725 0.0407097
10.2737 0.169611 0.0424472
17.9561 1.67681 0.0660278
6.812 2.17433 0.0555548
14.0643 1.84584 0.0640937
9.07172 4.53702 0.0574919
16.4415 1.74211 0.0729419
4.54844 4.98217 0.0475954
15.8429 7.21785 0.524783
20.318 0.634781 0.041249
34.1563 2.12294 0.155317
34.4002 4.3412 0.0516277
23.2445 0.403387 0.0555106
16.5051 1.25207 0.0479918
26.2301 5.02529 1.00764
31.934 3.4917 0.326652
24.3038 7.89845 0.0997208
7.81593 4.98564 0.0658345
21.5996 6.61692 1.05227
17.9383 3.02291 0.0626518
31.7138 3.29565 0.384741
23.4814 7.45915 0.337585
33.5107 5.37767 0.0511026
3.02941 7.99247 0.0221351
24.542 2.20603 0.218249
8.67606 1.00169 0.0314025
16.9377 5.91908 0.138901
29.3512 1.09337 1.04087
34.3403 0.664091 0.177657
8.8299 3.41224 0.0444938
29.9062 6 0.0831891
5.83834 3.14955 0.0604836
11.5763 6.5818 0.052787
8.68234 3.97927 0.0609319
33.7854 2.49014 0.17301
5.01485 4.6696 0.0704201
27.9558 5.28347 0.612141
18.7772 1.31047 0.0459717
25.2972 5.17023 1.08602
4.36517 1.4728 0.0423603
16.727 8.46183 0.654372
19.7904 4.64561 0.112524
11.1086 1.79552 0.0584536
22.9609 0.371741 0.0627566
4.24642 1.87506 0.0432874
4.1557 2.78196 0.0510994
23.0184 5.01222 0.705405
10.2123 5.79932 0.0451348
29.8283 6.2193 0.110767
20.1629 3.8553 0.0620428
30.582 5.50793 0.154288
29.55 4.8381 0.435912
24.7983 2.59124 0.285866
33.8767 1.91392 0.190611
9.63636 3.48956 0.0683985
20.0532 6.02731 0.607736
5.76015 1.17545 0.0395836
24.9603 5.55846 1.02836
28.5648 0.181217 0.848614
31.0513 1.60542 0.857892
18.979 5.85402 0.303049
32.0648 7.06269 0.0403428
14.0775 6.70531 0.0917868
13.195 5.97374 0.073478
25.7365 2.22073 0.390859
31.8402 8.63376 0.0641158
4.14615 5.25247 0.0633392
18.3047 7.95449 0.881465
16.2334 8.18459 1.0197
2.59353 2.086 0.0492566
5.14627 8.47612 0.091065
28.5741 0.709764 0.836768
32.737 5.57053 0.0607353
20.3148 2.24345 0.0452808
9.4375 0.822319 0.0391724
33.8297 4.97687 0.0638177
15.4674 1.85773 0.0315546
5.89637 6.87314 0.0464229
27.4968 4.03434 1.00388
24.5947 2.35779 0.210505
24.2819 0.103014 0.057703
14.1626 6.04814 0.0841221
10.8138 5.56296 0.0529234
9.04924 7.03742 0.0602484
21.3868 3.34919 0.0338084
11.8538 7.99629 0.436531
25.4662 0.206203 0.115856
31.6658 8.03047 0.0695915
29.4148 6.68358 0.089669
2.6339 0.894737 0.0517461
22.8419 8.62764 0.0595276
3.20956 0.784606 0.0514453
11.3046 6.56438 0.0512353
11.3466 2.1359 0.059538
19.8339 6.0392 0.574761
2.93212 7.31559 0.0475713
9.07922 1.03078 0.0389701
32.3327 2.83639 0.383912
2.48019 7.82397 0.0434796
12.862 4.1732 0.0390096
17.6769 1.33795 0.0845952
5.08805 0.759131 0.0515546
11.1304 1.07503 0.0477562
22.1059 0.924672 0.031189
12.4054 3.11908 0.0345682
19.9177 6.78739 1.00877
32.6548 3.95852 0.159442
4.68242 0.85957 0.0675057
23.6439 3.08166 0.189855
2.31575 4.22757 0.0627225
14.3567 3.91723 0.0528116
25.1976 5.60462 0.986794
33.0637 5.94839 0.0278009
16.7811 6.53556 0.312917
22.2633 4.68349 0.414537
17.5965 0.261735 0.0507078
5.41297 6.72665 0.0643859
4.4726 6.84454 0.0361574
19.8456 6.37504 0.789708
30.3551 3.82426 0.592399
9.95905 7.75144 0.122978
26.1647 0.841925 0.27674
22.2248 6.46897 1.03788
12.6146 5.21177 0.0491041
23.1858 6.11926 1.05486
3.60754 0.58784 0.0439963
9.90897 8.46157 0.588993
14.0865 0.264236 0.0639677
22.6898 1.54592 0.080662
2.69504 4.51523 0.0291826
2.89738 5.00714 0.074771
32.0922 1.55514 0.578359
18.9738 2.51213 0.0403606
31.0904 7.99836 0.0473225
34.3945 2.80835 0.132302
7.0008 3.89118 0.0585422
13.9593 0.974619 0.0576772
34.0584 4.97253 0.0751298
1.75281 6.12609 0.0678329
33.9142 6.47525 0.0691751
34.4903 2.03303 0.14446
26.4088 3.2272 0.822361
14.3513 5.71949 0.06273
23.8385 8.50359 0.0369804
2.18734 6.7281 0.049334
13.1194 1.91624 0.0187098
2.68802 0.572604 0.0501441
15.615 2.86783 0.0530386
24.0562 4.62647 0.766238
2.15593 2.37749 0.0436453
31.0542 6.90363 0.0696654
4.43901 2.24214 0.0461476
9.30884 1.08277 0.0516209
14.346 5.26533 0.0804144
5.19487 6.64361 0.0561815
26.1881 1.79139 0.416573
23.926 2.91731 0.221479
20.9552 2.27055 0.0618736
15.6712 0.251561 0.0681208
21.1517 5.96748 0.796544
13.9062 0.444202 0.0623095
23.4714 5.34829 0.937437
31.0322 5.48118 0.111858
27.0141 4.63369 1.01406
13.5987 0.371155 0.0417928
30.7262 0.326456 0.948058
11.8034 4.50138 0.04735
23.9215 4.28781 0.626577
25.9007 0.135297 0.163661
15.0723 0.0940753 0.0594025
29.9073 6.75913 0.0581314
33.6279 2.83597 0.146307
5.46478 6.26595 0.0457303
3.0031 1.73565 0.0163597
11.1938 2.32167 0.068086
2.36681 7.85035 0.0445308
34.0737 1.72806 0.183568
10.3801 3.56835 0.0501036
6.66557 4.35808 0.0280605
20.8279 6.22188 0.863293
33.0278 2.80336 0.262553
30.2945 5.67496 0.15129
30.3909 1.94234 0.948893
8.02612 5.95492 0.0392179
10.3485 0.185481 0.0488158
4.41027 1.63276 0.0306341
24.5488 0.533266 0.0877171
13.2456 0.891647 0.0255882
23.381 6.53941 0.899987
2.59477 4.0559 0.062365
25.9848 6.84595 0.276346
5.74159 8.52139 0.109523
34.0925 1.6264 0.180654
10.3657 6.72062 0.047277
17.6202 8.49446 0.489959
28.6094 2.70374 1.06392
22.3377 0.674811 0.0497895
4.16785 4.03585 0.0246296
32.0464 4.74232 0.137056
25.7555 6.01378 0.718614
26.367 4.98892 1.02113
18.3734 2.63735 0.0644319
6.92527 1.41965 0.0496167
23.1248 2.97161 0.145072
11.759 4.0977 0.0282085
28.9957 1.62198 0.992891
12.3354 2.61049 0.044771
23.6221 7.72664 0.199951
19.3679 3.70144 0.07514
6.57409 1.09517 0.0399644
24.0227 5.81683 1.03056
33.4933 3.10228 0.14963
3.47315 4.50208 0.0388711
20.8944 3.4324 0.0710038
22.8763 1.003 0.0340793
29.1782 6.44193 0.115009
11.9985 4.97141 0.0304667
28.885 8.64368 0.0833712
25.946 0.0413775 0.177803
7.79572 5.04554 0.0513135
26.1276 3.72104 0.871135
16.2979 3.79994 0.054275
8.23786 6.31521 0.0216878
9.51769 2.11865 0.0623738
12.5425 3.49557 0.0404308
25.8865 1.16524 0.255158
6.54723 4.95345 0.0574504
22.714 3.8227 0.243336
28.4363 0.37267 0.82487
18.5963 2.01333 0.0666181
31.468 3.45532 0.434198
25.2387 4.64867 0.983374
18.5151 0.811777 0.0331429
33.3967 5.41311 0.0685231
19.6713 7.14656 1.05433
6.39949 2.90913 0.042257
8.57655 0.583318 0.0491374
28.6805 1.28144 0.956053
29.7201 6.66844 0.0831529
14.5024 4.65166 0.0411427
13.3821 1.18961 0.0305311
8.2978 1.46754 0.0216157
29.4438 7.28184 0.0472926
34.0613 5.93878 0.0463617
32.5198 6.07978 0.0351421
16.1166 1.22718 0.0656634
30.9549 8.65669 0.0779746
8.18663 2.21941 0.0386335
3.83792 3.09395 0.0608985
20.005 2.04471 0.0485704
12.8649 8.23869 0.870783
17.3559 5.52009 0.0955069
3.89405 4.83567 0.0488134
7.25083 3.62023 0.0639935
17.6223 6.26778 0.302849
18.2104 4.09529 0.0470113
25.1016 4.03491 0.787335
25.8668 1.32711 0.25801
14.1922 7.19807 0.26209
16.3996 0.578328 0.0590376
10.8023 7.93146 0.254179
6.64223 8.00972 0.0388395
14.7509 4.57419 0.0588567
20.6868 1.42766 0.0326972
34.4284 1.90433 0.140589
25.9028 1.22096 0.271001
28.2798 6.1254 0.211092
28.7362 3.17046 1.01734
32.2964 8.58557 0.0621572
31.8051 2.98313 0.450353
7.34045 2.88186 0.019443
11.9951 5.91439 0.064598
10.2979 7.67614 0.103366
27.9996 4.6031 0.839283
17.5707 1.06802 0.0539099
32.6955 1.49199 0.425623
20.4129 6.24965 0.807372
2.43189 6.69285 0.0539472
9.50175 8.65161 0.763339
14.8024 5.01 0.0642915
5.91806 6.83507 0.0539284
20.0293 5.89802 0.529064
3.05833 4.80516 0.0552443
9.53267 7.06408 0.059823
1.88787 1.78114 0.0408839
5.4413 1.33837 0.0576513
24.8175 2.70697 0.299715
18.1066 3.36471 0.042084
33.139 8.29859 0.0487867
5.85703 7.20998 0.0651806
7.77671 6.50562 0.0623027
3.50388 7.79196 0.00645254
8.069 3.35117 0.0679656
11.2346 8.60667 0.955272
15.6755 7.93283 1.0175
9.72159 1.61857 0.0716045
7.1086 3.30138 0.0394303
14.0441 2.69156 0.0346327
3.16549 1.68688 0.0207641
28.6797 8.19137 0.0327451
20.3163 3.41428 0.071171
18.3032 7.59534 1.03389
16.8931 5.21345 0.0472856
19.8218 0.522631 0.0557252
34.2839 3.78911 0.0650016
14.1335 6.81757 0.118345
20.2434 2.7876 0.0401418
8.40811 2.5586 0.055724
14.5255 0.817513 0.0395757
4.62851 4.14317 0.0423389
30.0531 8.23658 0.0470373
23.9503 0.163575 0.0341468
26.8655 7.75022 0.0561625
26.6473 5.24147 0.864823
5.91101 2.45008 0.0319113
22.4675 7.85157 0.252443
6.34172 8.10644 0.0656768
21.8986 8.50529 0.0777588
5.91885 4.04384 0.0650767
6.70438 3.62229 0.0511859
5.58492 5.80865 0.0578632
19.2273 7.76812 0.866214
5.3946 3.05881 0.0399054
13.5163 2.90139 0.0741446
15.524 3.57183 0.025191
34.0842 0.183853 0.197284
27.2579 7.34222 0.0667963
20.8068 3.99962 0.106163
25.6822 4.07956 0.893557
1.86695 5.53079 0.0566663
13.6535 7.07 0.164522
10.968 6.16538 0.0184775
23.3178 2.9155 0.138074
5.77494 2.57562 0.0588602
32.6774 2.91147 0.301492
12.1926 4.65118 0.0537541
30.319 7.08615 0.0441518
29.5345 0.0696464 1.02225
16.898 5.2901 0.0457893
1.58393 7.37532 0.0347127
5.43423 4.90713 0.0526795
14.2501 3.33055 0.0493183
25.8555 4.14325 0.968679
17.2275 4.4974 0.0546041
32.4247 5.4803 0.0767067
31.402 0.65643 0.829053
12.2438 6.926 0.0815783
34.141 4.82148 0.0949203
18.9242 2.42199 0.0350967
3.9397 8.00186 0.0521508
2.70988 3.48322 0.0427028
13.6464 6.77219 0.104724
15.1964 2.60048 0.0564218
7.45845 4.79122 0.0377114
31.2094 1.65948 0.810031
11.7074 2.3914 0.052807
27.0036 2.87725 0.855135
8.67776 1.25517 0.0544139
15.8321 6.64688 0.241019
14.132 3.93866 0.0588316
26.7963 3.03351 0.846421
13.5672 5.11352 0.0535743
8.84448 2.0093 0.0793991
29.1341 3.82682 0.848536
22.954 4.96178 0.695741
7.11142 5.38363 0.0401605
9.35127 3.69222 0.0264277
4.76359 6.49414 0.0398193
28.9963 7.57615 0.0572089
15.3282 8.41968 0.953264
28.9102 4.89653 0.540146
20.7599 8.43603 0.138089
27.6939 8.20126 0.0362575
26.4542 5.72701 0.709942
16.8742 1.1759 0.0409864
9.95271 5.60358 0.0132034
14.3813 4.6427 0.0562999
19.0329 6.14005 0.467915
34.3976 2.36693 0.126525
10.9552 8.679 0.99378
25.7865 3.0271 0.597249
9.96071 8.73657 0.907322
22.3676 2.41577 0.0302011
25.7598 4.17486 0.954545
1.5279 5.95601 0.0439137
25.5409 2.27016 0.365271
30.1662 3.55329 0.71198
31.3601 5.78365 0.0769764
30.345 6.57861 0.0448019
14.0994 8.013 0.872812
6.34623 4.82316 0.0622038
12.7646 8.41466 1.00109
30.5694 2.46438 0.837999
23.8064 5.32356 0.968662
18.1643 6.62045 0.576098
1.70281 0.727048 0.0343525
3.87571 6.87843 0.0179197
19.8094 7.15922 1.05456
30.2536 4.91737 0.298742
21.6334 8.0729 0.248592
13.4041 6.11313 0.0413457
1.69739 3.20732 0.0489743
8.44901 7.05058 0.032296
21.8121 4.5353 0.261625
11.1503 5.97097 0.0565422
19.2177 8.63681 0.143886
2.82816 6.08604 0.0444127
19.3134 6.79427 0.94315
16.6912 7.13317 0.659719
2.22775 1.75174 0.0594139
28.5837 0.328702 0.850583
27.4729 0.662791 0.550998
5.29921 4.06184 0.0407919
22.1582 8.44036 0.114528
29.8414 3.89858 0.674527
18.4223 8.07374 0.755924
26.341 2.56243 0.622777
5.55803 1.24136 0.0487401
3.46682 3.55273 0.0688019
9.27193 7.37878 0.0480818
26.8078 8.45512 0.0377627
11.0374 4.70593 0.0437482
29.3594 3.32248 0.954181
3.70898 6.88263 0.0634794
17.4151 3.71643 0.0539939
15.8999 2.63992 0.0511598
28.2757 6.60886 0.132481
23.6133 0.72567 0.0469978
26.0218 6.78884 0.30186
21.5377 8.3386 0.127942
6.71503 0.899303 0.0533576
26.6044 6.83383 0.209449
25.2512 0.205374 0.119842
25.632 1.09201 0.198684
16.6728 2.55844 0.0640318
15.483 8.73434 0.589014
6.36382 0.463313 0.0386711
28.4065 3.98846 0.95799
15.859 3.86666 0.04505
32.9979 1.54689 0.368162
10.4649 8.54667 0.784071
17.4574 2.06658 0.0428918
13.1024 7.87882 0.561261
21.5463 4.74607 0.309359
33.4124 6.23165 0.05176
8.83775 6.498 0.0800944
14.2092 5.89682 0.0604249
11.2456 7.07167 0.0487459
4.61872 7.70203 0.0519546
2.69193 1.23747 0.0420723
34.2575 0.779195 0.205637
12.4021 3.96435 0.0408475
24.8303 0.940771 0.0973314
27.3396 5.16442 0.797409
22.6492 8.22974 0.100664
10.2487 4.50032 0.0445576
23.6342 1.46915 0.0722274
31.887 1.02045 0.67212
16.6031 4.64897 0.045884
30.9254 6.49611 0.0272548
29.9195 7.0469 0.0542521
26.963 6.60622 0.251517
24.4757 4.06166 0.673651
33.1503 7.65033 0.0512618
18.0405 4.72724 0.0750297
31.8456 5.97026 0.05239
4.40462 0.0216768 0.0718592
24.898 4.2875 0.859686
5.42203 0.758052 0.0553461
13.7162 1.85775 0.0454307
20.8037 2.63264 0.0547717
24.3551 5.01222 0.991756
24.0207 0.669036 0.0512966
7.41352 6.22438 0.0693525
4.43158 3.44968 0.0359057
6.20264 1.90471 0.0383828
21.9129 8.35216 0.116569
7.40401 5.77635 0.0600578
31.7359 2.93559 0.484822
23.935 1.07397 0.0962594
11.4541 4.28155 0.0339358
22.315 6.74397 0.976259
3.91502 4.47561 0.0619735
21.4554 2.70694 0.0643833
6.61486 0.986483 0.0672279
22.3691 1.95603 0.0606382
10.7075 6.90662 0.0509286
19.7593 1.39432 0.0176889
24.6757 8.57356 0.0245029
8.75053 6.37468 0.0622547
3.42142 3.52381 0.0337126
6.1905 1.65136 0.0551389
29.1417 4.06848 0.796933
32.9069 8.32471 0.048867
20.5241 1.03927 0.0655796
4.27893 2.12941 0.0410809
21.2491 0.67167 0.0594774
12.6625 6.32625 0.0528647
7.21059 8.31082 0.104597
26.1182 4.86605 1.01266
30.0486 2.60152 0.929523
19.1028 8.42363 0.346267
20.4444 5.1309 0.286634
32.732 8.3911 0.0575435
1.59239 3.26082 0.062282
29.7651 1.27246 1.06369
32.1646 0.611066 0.613844
29.5013 2.33404 1.05388
19.683 3.78681 0.0636374
30.9054 6.67267 0.0489666
17.888 4.09789 0.109508
13.6339 2.35336 0.0603846
17.94 7.87019 0.98602
2.92439 5.04231 0.0618783
2.49189 5.26799 0.0326208
18.6167 7.16758 0.97271
20.9592 5.86333 0.73169
3.78881 2.11146 0.0597622
26.6952 8.32728 0.0352895
6.45426 1.41025 0.0264809
8.53422 1.40067 0.0488748
17.2096 5.67137 0.0886333
27.0562 5.0921 0.890481
17.6264 2.00331 0.0217928
31.2127 6.13838 0.0850091
26.5065 0.868644 0.320947
20.0395 4.15259 0.0608662
30.1824 8.27699 0.0507762
12.9437 7.83024 0.470897
20.6228 5.27728 0.33934
22.7511 6.93258 0.801599
4.50716 5.79609 0.0139802
10.1836 2.03829 0.0323416
33.9027 7.503 0.0550518
11.585 5.34091 0.0190901
31.5104 5.20699 0.0975329
3.17074 8.33074 0.0385191
9.74543 4.88699 0.0635467
9.14882 2.84754 0.0635545
1.56869 3.69115 0.0720558
25.4061 4.85659 1.02588
9.21216 7.62148 0.0826999
20.8179 7.36229 0.887444
4.66384 3.47498 0.0304505
20.4262 4.26928 0.110526
17.8374 0.436572 0.0496789
17.0555 5.5847 0.0781014
27.538 7.01476 0.0886235
13.0851 1.72777 0.025657
25.1064 5.55594 1.02045
28.1246 1.22475 0.813911
9.54036 7.33289 0.0537933
11.3051 6.38427 0.0450617
21.7061 8.16724 0.17824
7.53178 2.48189 0.0611297
1.66823 1.48851 0.0526718
21.5622 4.9884 0.37202
24.7266 0.506628 0.0926908
5.02698 7.17497 0.0568079
20.317 1.78648 0.0410462
17.158 1.16506 0.0426533
18.3479 1.29392 0.040926
32.4011 6.14831 0.0638227
2.92805 0.431756 0.043738
7.58969 3.68486 0.0493206
4.2206 1.58687 0.0510424
21.9409 6.82229 1.01216
29.9344 0.472955 1.02715
19.2341 1.71626 0.0846962
2.55086 6.74524 0.0317183
18.1061 4.50803 0.0542968
5.13256 1.00642 0.0376599
4.35766 8.65279 0.101398
11.5165 3.24331 0.0580516
29.594 3.66639 0.836678
24.4624 6.48132 0.761133
33.9965 4.30259 0.0623188
17.4082 7.25155 0.866506
7.6433 4.68291 0.0516489
13.4842 2.14747 0.0398879
4.28642 4.68285 0.0587463
14.708 7.33041 0.418683
21.3919 2.45007 0.0488986
23.1615 5.55596 0.956606
33.5122 5.06605 0.0729823
13.9838 6.05623 0.0550162
4.38802 3.14668 0.0677851
29.9904 1.98086 1.02346
7.26715 5.8074 0.0317655
12.2196 7.40967 0.124072
6.22735 4.12045 0.0505482
24.9367 1.19474 0.125332
30.6345 7.02606 0.0370296
8.45876 4.61617 0.039051
20.617 5.96349 0.708247
2.30649 0.885881 0.0465872
24.1115 6.85901 0.615941
6.28038 3.25542 0.0616243
11.8194 7.77775 0.252251
19.7441 2.16504 0.0568528
16.71 0.0532939 0.0722993
27.0541 2.79042 0.820601
2.60002 6.32652 0.0308948
8.44648 6.29136 0.048316
8.06184 7.40984 0.0441793
14.2941 1.8402 0.0753993
29.5401 5.19069 0.31664
33.3147 0.636838 0.346855
33.2705 1.96251 0.26017
7.64242 0.3997 0.0371109
8.25907 5.49615 0.0549687
10.9794 7.82595 0.218691
20.9701 5.25371 0.401392
29.0517 5.26802 0.412675
18.2846 7.89859 0.955136
2.73102 2.88128 0.0797191
23.9962 4.86628 0.857665
21.9408 7.07548 0.882473
13.9662 1.69778 0.0460357
19.1853 6.14589 0.517988
9.41533 0.673676 0.0153092
11.3971 3.23072 0.0403835
20.863 1.61622 0.0474771
13.7399 3.77964 0.0428455
12.7952 1.786 0.0741553
6.24137 0.536126 0.0292671
30.4346 3.88507 0.531253
18.5626 3.41195 0.0329348
30.0264 6.4151 0.0770022
21.0535 0.122831 0.0365821
3.93697 5.55561 0.0644112
2.68384 0.387697 0.063655
7.2954 4.24489 0.0183942
13.6938 0.176844 0.0181415
7.15805 7.96149 0.0773443
13.0502 4.2621 0.0560941
31.7485 4.17054 0.212402
2.05338 0.620474 0.0496595
3.98199 6.87589 0.0315192
25.0081 2.3273 0.282184
25.6536 4.11008 0.89707
9.9862 6.31021 0.0409695
3.97689 6.91707 0.0573142
12.6597 3.37466 0.0509061
24.4325 0.530622 0.0953617
10.6201 8.61719 0.884437
18.2324 2.23004 0.0276288
15.8966 0.367464 0.0537291
30.9857 5.41808 0.109793
21.8402 7.63412 0.515496
12.9096 0.767941 0.0739429
14.5013 0.400157 0.0672727
5.63356 5.91799 0.0832665
27.7569 5.00445 0.774085
7.79082 2.26352 0.072394
5.24393 2.31615 0.0644019
12.2348 6.70637 0.0740986
23.3971 0.183474 0.068268
18.896 2.10292 0.0546427
1.81054 3.16858 0.0773479
20.7001 6.76703 1.02675
25.9396 2.74616 0.539226
25.6646 0.474912 0.154404
8.26906 6.49698 0.0740924
3.9937 6.01472 0.0461158
13.8159 1.11325 0.0378704
8.47349 6.36284 0.0374022
33.0713 5.44718 0.0672447
24.0072 3.2153 0.282322
11.6205 5.05375 0.0681879
28.6836 4.39412 0.778476
21.3121 6.93536 1.02857
2.86011 8.31611 0.0385877
8.66925 2.97967 0.0582505
10.0091 0.789162 0.0959209
31.7255 3.18653 0.421192
22.6149 5.23902 0.733375
7.72242 2.24104 0.0648166
29.4569 1.3525 1.02947
14.316 1.85283 0.0432692
34.2144 7.41666 0.0419849
19.7658 6.23999 0.67395
1.90803 1.09762 0.0295451
14.8174 2.61757 0.0717314
23.642 2.36748 0.122631
15.8216 0.982736 0.0529823
23.2803 7.33293 0.441246
4.59226 2.52691 0.049704
2.0016 4.93708 0.0154075
4.58457 3.34179 0.0694171
22.5572 0.612826 0.0389378
8.82926 0.31817 0.0626428
28.4636 6.07122 0.224663
27.5945 5.48853 0.589287
5.74857 4.30249 0.0577477
3.41647 1.5497 0.0755688
23.5426 2.97586 0.176507
24.5842 4.43081 0.804189
30.7787 1.88657 0.890508
13.0439 5.03888 0.0130854
2.38118 7.33815 0.0372929
26.4271 1.55341 0.399258
21.229 8.13765 0.243691
32.9858 4.43783 0.0812957
11.5268 8.54462 0.951395
1.8232 8.45828 0.0468502
3.35751 0.558275 0.0522841
30.6941 5.95881 0.0894822
13.1732 2.12639 0.0454612
3.95154 5.42672 0.0403413
2.44763 7.77494 0.0696322
22.5841 4.00453 0.266393
13.3927 5.70642 0.0736455
25.9902 5.83678 0.767397
21.5589 1.64109 0.0561219
9.12569 3.72064 0.055595
21.5707 2.54439 0.0537611
14.5309 4.22037 0.0496524
23.6489 6.66475 0.774237
9.61862 1.26737 0.0323018
11.4967 4.83425 0.0363387
7.07005 4.40609 0.0330026
5.91571 3.36464 0.0566978
14.8064 7.35638 0.455483
21.7467 3.06139 0.08145
20.8389 6.99109 1.0313
7.78094 0.617802 0.065391
14.3089 3.83987 0.0639869
15.9336 0.952126 0.0587764
8.68973 7.40063 0.0498528
21.9865 5.80788 0.901493
12.7434 1.85665 0.0323026
4.74736 3.2546 0.0256286
24.0632 1.11164 0.0605653
7.20523 7.73532 0.0733656
13.1381 7.80267 0.502557
26.9626 7.79963 0.0489435
5.70348 5.29291 0.0152228
19.6643 2.31131 0.0470656
20.9927 3.98494 0.0897794
10.4123 5.81071 0.0187509
5.24106 3.71798 0.066554
14.852 0.506334 0.0506554
9.17817 4.58886 0.0710594
14.173 0.765629 0.049918
6.12715 2.05466 0.0586236
14.6969 7.14086 0.288862
31.8804 5.36442 0.0981188
1.79447 6.96579 0.0441369
20.3976 5.93598 0.634219
15.2616 5.74825 0.0635867
29.3967 2.16089 1.03063
26.8566 6.18967 0.422037
16.417 1.10352 0.0527451
9.94299 0.159009 0.0397084
32.6247 2.96371 0.287667
28.5756 1.36938 0.944661
30.6344 6.0742 0.101637
4.33265 2.49679 0.0512213
14.4785 0.302431 0.0160965
16.938 6.77834 0.457651
11.2253 8.17145 0.523224
8.85981 6.21376 0.0467918
12.2407 8.34856 0.850925
7.13903 6.84405 0.0548805
33.0598 8.12299 0.053473
31.2452 5.88202 0.0910233
22.0018 6.85886 0.958982
20.4008 6.95155 1.07645
34.1805 1.01987 0.192826
17.96 2.79622 0.0351452
26.6413 5.39026 0.852164
2.57449 2.80956 0.0484108
15.5058 7.62876 0.810289
7.82439 0.47438 0.0558287
4.2942 1.11872 0.0511569
29.3015 2.86474 1.01443
25.635 2.99627 0.553901
13.2124 7.27748 0.18127
5.52279 0.130872 0.0468193
27.8337 7.22955 0.0701045
13.1229 8.4995 1.05259
27.2954 0.433296 0.485347
21.4917 8.31942 0.1205
25.2911 5.77103 0.939818
21.2224 1.15307 0.0501103
33.2087 7.26556 0.0632556
9.43715 1.0417 0.0605772
30.2805 3.35685 0.728506
22.1064 2.08535 0.0669527
24.4571 3.35925 0.380997
33.9736 1.27348 0.22593
2.62122 3.31161 0.079449
10.3461 4.9716 0.059946
25.4165 4.05736 0.847958
27.5353 4.55853 0.962667
9.73561 7.80722 0.110804
17.0551 7.44307 0.951773
29.8505 0.986207 1.04385
33.6393 6.42339 0.0335126
33.567 6.95828 0.0381561
8.40377 7.94695 0.0797201
14.0276 3.43331 0.0612909
15.6976 8.06834 1.04885
17.5057 4.8664 0.0645044
29.8748 4.09586 0.604809
17.4832 4.44205 0.0733119
11.1832 3.60352 0.0507476
22.3501 6.03098 1.01348
27.5213 4.64747 0.954359
21.5047 7.67482 0.529361
32.1156 4.1001 0.194899
33.8681 0.457736 0.215213
26.1543 1.36947 0.343761
30.8054 3.60736 0.539702
4.37139 4.1218 0.0389883
20.6763 7.10963 1.03608
2.2861 5.16155 0.0287379
10.4222 1.48097 0.0183812
22.7002 2.64247 0.0736626
24.1658 4.6864 0.795399
28.8486 6.93439 0.0697322
29.1736 6.19533 0.13851
10.4614 5.59665 0.0465458
16.1049 2.23338 0.0419442
26.9496 4.98575 0.909752
8.39818 2.14463 0.0644323
30.5442 0.570396 0.980715
2.53966 6.63015 0.0614084
13.9525 5.68233 0.0561685
2.88556 8.63798 0.0629898
10.8007 6.53059 0.0582316
29.2884 2.20774 1.02606
33.9625 0.245046 0.214243
15.5685 3.76082 0.0581373
9.31163 2.97161 0.0671703
12.1743 4.50695 0.0195679
29.197 3.27333 0.971125
7.88433 0.419445 0.0484539
26.8658 0.598352 0.354188
11.7137 3.13419 0.0454058
9.72548 5.14888 0.0512222
31.0844 1.53403 0.84075
8.75247 1.56866 0.0561481
32.5718 2.02723 0.424054
16.1237 6.48267 0.188847
34.3796 6.67913 0.0452482
25.6218 4.25861 0.963659
29.0591 0.476363 0.944886
19.4474 8.21894 0.448663
33.5165 7.59314 0.0703018
25.0883 2.6344 0.344241
15.9308 0.0764592 0.05598
3.38041 4.299 0.0507638
7.77761 1.47007 0.0626954
30.0734 3.32153 0.759736
32.5911 3.49593 0.199755
2.52693 2.7228 0.0375137
15.0532 7.98261 0.970951
16.2689 3.40446 0.0649291
6.81342 0.979864 0.0708928
2.6036 5.02483 0.0590619
29.9302 7.76352 0.0693774
28.9049 2.02242 1.02864
30.6946 4.43592 0.333926
11.3192 3.30242 0.0272418
30.7744 5.90436 0.10808
33.6616 2.73022 0.180398
27.7806 2.22998 0.888387
12.9226 8.39708 0.973226
13.8711 7.19612 0.209942
18.0261 6.1456 0.305744
31.6784 5.73547 0.0743163
17.9958 8.1613 0.778491
15.5774 0.499394 0.0530231
3.52891 3.85032 0.0396812
12.2321 5.44452 0.0325632
8.47644 1.12588 0.0501288
17.1154 8.7008 0.377801
17.2139 5.99848 0.190734
7.92654 6.63482 0.0391718
4.32423 8.44364 0.0725861
22.4135 5.05296 0.591595
9.48294 7.97973 0.155425
23.3966 3.25968 0.163637
20.2598 8.05464 0.434108
30.2027 4.43378 0.40716
10.1794 6.77627 0.0733815
33.5694 2.37398 0.201353
29.4097 4.16291 0.702991
17.8277 4.8623 0.0644773
12.9902 4.50564 0.0300613
8.41272 8.07063 0.126541
20.2575 3.99371 0.0931881
7.58107 7.65629 0.0585055
13.2128 0.971108 0.058405
3.59326 1.83955 0.0667977
23.5444 1.53561 0.0833075
21.3617 1.59802 0.0495402
23.9311 5.11829 0.913695
29.3446 0.890114 1.00773
19.6377 5.8857 0.433176
13.7608 7.6179 0.472645
9.80879 8.06357 0.235272
18.7027 0.484927 0.0505868
15.932 2.15333 0.0651519
15.9766 3.85368 0.0144447
10.3387 0.126632 0.0544678
7.9908 5.88878 0.032611
27.7241 3.97397 1.0477
33.6803 3.73123 0.126938
23.5575 1.35979 0.0878324
21.4343 0.602751 0.0626632
7.13184 7.72621 0.0721089
16.2131 5.22999 0.0837398
32.5493 3.02709 0.286143
33.2287 7.69271 0.0742892
3.93542 1.02049 0.045954
29.2786 3.47692 0.89401
8.65294 0.640558 0.0598593
32.6908 6.93579 0.0626824
8.95297 7.7162 0.0802645
26.9759 2.48858 0.747012
33.0896 7.15195 0.0603054
3.04454 8.31733 0.0495388
1.92118 2.01324 0.0879271
19.1197 8.44086 0.312616
15.7318 2.93453 0.0573323
32.5608 6.19035 0.0469683
11.1555 4.69081 0.0602498
2.17074 3.05379 0.0762503
30.1953 5.2561 0.212618
21.3468 0.0026167 0.0459263
18.4832 4.3851 0.0315686
22.3087 4.36433 0.310096
31.3376 5.54134 0.122054
10.1477 6.68914 0.0341284
9.78311 7.69206 0.0894612
34.1384 7.0085 0.0397304
18.6024 7.61862 1.0232
2.61966 3.28113 0.039194
26.6045 0.924522 0.359062
20.1229 5.68519 0.420654
3.03388 0.394432 0.0538337
13.8507 8.343 1.05339
21.0896 4.21414 0.148747
30.0351 2.24225 0.953508
23.3121 0.271259 0.0751403
22.5293 7.36799 0.569331
26.1121 7.28797 0.150084
15.3933 1.17093 0.0375027
28.2897 6.74782 0.0985096
25.4087 0.762939 0.164781
4.64214 6.08163 0.0768225
25.4205 4.65754 1.00054
30.9767 5.60281 0.112512
32.6339 1.19911 0.475519
16.0704 6.92877 0.382709
5.51127 6.87792 0.0558869
20.2474 7.35488 0.963094
4.76559 3.51975 0.069845
20.4233 2.26363 0.0274399
26.1723 4.80483 1.04945
21.0871 6.105 0.850136
24.3916 6.64631 0.661001
26.2223 3.9235 0.950126
17.3028 5.32147 0.0311103
10.0105 5.64791 0.0733185
27.5005 5.16942 0.761885
18.2887 6.27292 0.406329
24.5704 2.7045 0.267978
14.3101 2.05308 0.0554028
31.3484 2.52403 0.63867
14.5318 6.92027 0.189569
21.3063 8.46492 0.132312
22.4268 2.77866 0.0757202
18.9635 5.7187 0.251979
27.7181 5.08041 0.768743
10.3592 7.69475 0.113277
3.55429 0.131145 0.0542705
6.6251 5.4355 0.0483946
15.5899 7.6019 0.803383
24.6519 8.43382 0.0643158
6.5694 3.63918 0.0527761
15.3631 4.20901 0.0365534
22.2861 7.33867 0.613142
8.32672 8.16903 0.144795
22.7618 2.06286 0.0963609
22.9668 7.76075 0.221602
9.07941 1.04865 0.0493699
30.9449 0.449339 0.951787
32.8615 0.286472 0.413583
32.1941 0.656761 0.612072
8.99914 0.83989 0.049316
12.2185 2.05159 0.0627161
19.4413 2.51678 0.0759027
28.3793 8.4729 0.0461733
2.26684 7.01156 0.0552792
9.8224 0.904879 0.0574812
23.0033 1.68577 0.0681041
8.98112 6.06027 0.0509274
8.76844 5.24855 0.0188753
34.3934 3.89711 0.0760846
21.5677 3.7197 0.095238
24.2617 6.51894 0.756376
4.43731 4.29424 0.05708
11.3234 6.29005 0.0597619
5.52618 0.0998814 0.0438692
9.69398 0.877113 0.0436203
5.92177 1.62301 0.0463058
5.22674 5.17749 0.0348348
26.8429 5.08471 0.934959
10.627 7.59361 0.136331
31.0411 7.75114 0.0477166
1.84271 7.06178 0.0743984
12.0763 2.89475 0.0619694
11.4605 0.515316 0.0344086
14.8012 7.73554 0.771312
20.6212 8.13377 0.337927
18.1352 0.2139 0.0527043
12.9672 0.0333888 0.0286795
12.716 1.55387 0.0414588
24.9195 3.15321 0.406611
11.9379 6.16919 0.0507976
24.4552 3.98706 0.608708
18.0904 5.77803 0.167161
9.37917 7.11269 0.0342975
26.3922 1.54217 0.424123
19.2967 2.70858 0.0281155
22.4965 8.48495 0.0827316
4.02267 4.72783 0.0518338
16.6559 4.30792 0.0693405
18.4355 4.81703 0.0495909
15.0987 4.78395 0.052182
13.7909 6.33357 0.0828174
5.88796 7.60691 0.0483551
17.8941 5.45504 0.08841
27.1401 5.51818 0.647803
20.7442 5.05457 0.2769
11.7015 2.08902 0.0653481
7.86416 6.67836 0.0730615
13.8113 1.73207 0.0511506
11.8862 2.25054 0.0634918
7.77414 2.96739 0.065211
15.0429 4.58722 0.0594601
13.2865 7.15061 0.144195
19.0714 3.1152 0.0619458
28.9056 5.26787 0.400571
13.2962 3.80329 0.0519979
23.7413 3.90124 0.435985
7.12387 8.447 0.192493
9.35073 5.66177 0.04861
29.8882 0.154568 1.06587
26.0958 7.55329 0.11309
25.0629 4.37995 0.90563
28.5752 8.42161 0.0498677
30.9692 1.08859 0.919478
32.4395 8.38714 0.050913
25.4801 5.72752 0.914131
32.164 5.43141 0.0878446
10.3647 4.34749 0.0669419
17.2536 8.45297 0.598412
7.75877 7.31353 0.0628457
4.98403 4.57878 0.0544687
14.574 3.27893 0.0530507
12.6998 3.39589 0.036188
22.3317 4.17673 0.267476
14.9288 1.5706 0.0490339
6.63922 2.04113 0.0550369
17.8574 5.78258 0.179655
12.3849 6.74023 0.0757787
26.8245 7.92318 0.066567
24.2246 1.38309 0.0898849
33.0361 2.70038 0.231149
33.3641 1.61553 0.281274
20.4783 5.47232 0.404392
10.1125 2.63797 0.0535013
20.0957 2.79708 0.0725241
11.3436 0.589052 0.0550754
18.669 6.75797 0.794323
26.5722 8.14744 0.0469527
25.3869 1.19205 0.166823
16.6355 4.28382 0.0640453
11.5678 6.86163 0.0435003
2.47497 7.59613 0.027321
29.8377 3.07143 0.882191
28.9628 0.522434 0.947824
21.4911 6.69658 1.06436
28.1809 6.20163 0.224088
7.89387 3.46114 0.064001
23.2607 8.59032 0.0562428
11.1407 6.261 0.0269149
28.6093 4.98415 0.566783
14.7115 5.15679 0.0265339
17.3458 0.698433 0.0475308
13.538 8.38711 1.00516
15.6028 8.65121 0.648277
30.2614 1.43971 1.00105
33.6091 6.71836 0.0638657
10.3411 5.06356 0.0582952
27.9721 3.44547 1.0447
33.0931 5.16194 0.0698031
18.6109 1.05886 0.0466367
21.2619 3.06171 0.105158
28.6543 2.91381 1.0248
23.3483 5.95448 1.02011
19.2093 4.6136 0.0541812
31.0665 0.229955 0.898577
19.9814 2.52 0.0456867
27.4622 3.35423 1.03478
31.7269 3.17376 0.422634
11.9919 6.87639 0.0613136
29.007 7.24378 0.0550893
7.71248 8.31761 0.162295
19.3654 8.22192 0.438087
23.1172 4.27076 0.43442
29.8091 4.88181 0.374612
11.9246 5.27086 0.0531852
33.4936 4.43333 0.0897031
26.2845 0.333006 0.254343
31.955 0.966082 0.67672
9.92701 6.95926 0.0391626
19.551 6.58027 0.837658
16.4303 2.71527 0.0266009
33.2246 1.72775 0.273981
28.3217 4.96976 0.645563
6.92949 7.41151 0.056046
31.5557 0.48158 0.799977
13.4468 5.69753 0.0555898
17.1173 1.96834 0.06181
3.30479 2.23801 0.0232759
18.3493 3.85652 0.0431489
31.3855 1.43122 0.78273
16.7941 6.51104 0.270301
2.57295 0.839519 0.0540315
29.3384 4.32868 0.665284
17.0144 5.841 0.121135
4.8516 7.25423 0.0509408
24.5083 4.83622 0.972653
7.60021 1.13461 0.0503763
21.6351 7.06647 0.922778
15.3288 8.20479 1.06511
9.68688 0.263512 0.0760641
15.8253 7.998 1.02949
11.3569 5.43178 0.034829
17.0175 5.22219 0.0839707
20.7989 3.39389 0.0813391
18.1544 1.42221 0.0618942
3.33144 5.24836 0.0457278
20.3307 7.736 0.708507
32.6968 0.211369 0.441031
29.6518 4.8503 0.397279
15.4426 5.57218 0.079574
26.9743 8.03367 0.0337562
7.10651 0.131435 0.0471931
24.9346 3.23103 0.475303
7.35109 1.10916 0.0541056
4.14634 2.71699 0.0334982
23.3698 7.93 0.137462
13.2435 1.57433 0.0580013
18.5329 3.13869 0.0434477
3.14791 7.18255 0.0735878
8.99599 6.55066 0.0475127
4.00657 8.01463 0.0767648
32.116 1.0825 0.613096
5.31442 0.627525 0.0674108
31.8792 1.93927 0.602762
3.7884 4.32277 0.0503637
8.16919 5.94129 0.0295523
24.9391 1.02628 0.133684
22.3623 5.48714 0.801043
3.16983 1.9415 0.0545162
12.4815 8.41325 0.945826
5.74795 4.85744 0.035459
12.6308 1.22092 0.0350711
13.3076 7.27854 0.198873
19.2612 4.31667 0.0806499
26.2532 6.73016 0.280616
2.55273 4.73946 0.0327862
23.8342 7.73404 0.16096
32.1907 2.45944 0.428617
12.5584 8.4754 0.979281
23.3451 0.157503 0.0477401
16.2652 3.29534 0.0391841
11.2402 1.37499 0.0434714
19.0602 8.6305 0.213564
3.4335 0.17075 0.0626225
23.9084 2.52026 0.176827
19.2651 3.39377 0.0514947
10.2514 0.65877 0.052878
2.54066 8.02499 0.0373907
32.2066 6.73689 0.0242925
23.102 4.7033 0.571726
2.99452 3.55104 0.043635
27.5403 1.69751 0.735767
5.11335 1.4404 0.0817923
16.5842 3.55081 0.0479477
5.46396 5.36078 0.0265793
31.8571 7.4608 0.0435841
22.6609 2.12574 0.0739718
24.1447 7.54065 0.197907
12.89 5.78259 0.0426183
12.2734 1.39268 0.0564094
3.58585 0.276824 0.0507982
30.5535 0.214997 1.01807
5.85227 8.42623 0.0975904
21.6158 2.14553 0.0534539
8.35401 0.576819 0.0692725
4.58077 5.76025 0.0625179
3.04526 2.40892 0.0530612
12.2991 8.24851 0.781207
5.34285 5.80146 0.0486334
29.2437 7.75131 0.049432
21.6399 5.68801 0.757317
7.52548 6.40083 0.0526282
2.3745 4.03026 0.086967
17.0012 3.7118 0.0535416
29.3267 6.82917 0.0747731
9.6765 1.59523 0.0810948
20.6297 0.575209 0.0364561
9.50145 7.96325 0.148455
33.5034 3.35091 0.161806
9.67888 4.88605 0.0532046
8.35055 3.45037 0.0494925
21.7658 6.50462 1.03737
10.9927 6.78961 0.0543267
29.9816 1.60339 1.02295
26.7349 6.75063 0.236627
24.3554 2.77543 0.256408
32.9847 4.97612 0.0708231
15.6857 4.22332 0.0671756
2.86688 7.39541 0.0353251
11.8965 3.65098 0.0375982
9.78733 7.21421 0.0675007
7.34659 8.2246 0.112145
14.6689 5.02573 0.0339205
3.51574 7.13028 0.0392552
1.57183 7.75359 0.0467661
18.8587 1.99748 0.0407946
6.4336 3.94479 0.0531754
28.7267 7.87789 0.0493181
5.18237 6.64894 0.0572545
4.61343 7.40106 0.0491886
20.8505 5.2642 0.387227
28.0602 3.31551 1.04357
27.2771 6.87654 0.148012
29.9371 3.01766 0.885487
16.769 5.08709 0.0681296
9.70629 1.84154 0.0551444
2.30703 3.50257 0.0443815
32.6191 3.92134 0.170523
20.9247 0.994934 0.0691695
32.5764 0.888547 0.492246
29.1937 7.74 0.0519014
23.3299 8.61671 0.0778678
26.7488 1.41412 0.477374
7.13943 3.19944 0.0600638
31.253 5.89168 0.0640078
29.6661 1.25065 1.03648
17.23 0.583268 0.0541836
15.9492 7.91965 1.06197
17.8022 2.4655 0.0239258
20.2991 8.35491 0.201859
6.9735 4.54953 0.0581836
32.8313 5.13108 0.0764308
13.1198 4.72044 0.0357602
2.71434 4.43333 0.0630765
21.2551 2.34599 0.0565941
6.23641 5.47511 0.0429765
34.4863 3.84428 0.0716245
32.1683 7.41722 0.0421167
26.4069 2.52905 0.625628
3.70264 1.68375 0.0396645
29.3312 7.5242 0.0353037
7.53064 4.68369 0.039397
22.3721 2.00265 0.0652864
7.18 6.79775 0.0661284
25.1481 2.50561 0.318853
24.8033 6.28579 0.767474
12.9613 5.73215 0.0546584
9.40041 2.554 0.0659257
29.324 5.61266 0.238333
32.6333 4.27396 0.156585
7.07331 0.25872 0.0385545
34.3527 8.54829 0.0705269
20.2458 2.27977 0.0605702
12.2064 3.35669 0.0253256
17.5489 7.69518 1.05744
3.64038 6.03167 0.0466398
18.3515 1.48543 0.0473197
21.3402 5.60663 0.634663
18.5521 0.189655 0.0501248
2.55673 6.54406 0.04039
25.9424 5.28496 0.98751
17.7073 5.79031 0.168811
7.07565 4.96172 0.0697294
29.0409 3.09431 1.02862
21.986 5.73089 0.854937
2.17366 4.01932 0.0561929
15.8305 6.54525 0.183774
26.6907 0.306085 0.307077
22.9207 2.31879 0.0955177
14.0839 1.36476 0.0435215
27.8187 4.47015 0.93206
17.0622 5.4285 0.0562944
6.78727 1.92182 0.0562443
6.04329 8.26931 0.0952369
31.1102 3.23891 0.55072
10.1169 0.121902 0.0629306
20.9331 6.34817 0.942297
9.66858 0.977974 0.0522665
12.0786 0.127777 0.0429893
12.2189 2.5274 0.011295
1.97753 4.09947 0.05514
1.83649 2.10428 0.0568941
4.41786 2.88942 0.0582484
25.4627 1.14975 0.212622
10.6318 3.11916 0.0631765
16.0844 6.95744 0.413425
21.9359 2.71861 0.0582919
18.3492 5.08428 0.131442
30.9986 1.8369 0.819071
27.2536 1.08924 0.543124
30.5547 2.77916 0.78347
11.54 0.290314 0.0654902
34.046 4.13899 0.0810615
32.909 6.16349 0.0602654
23.2674 3.68501 0.250984
27.9898 1.9718 0.88149
7.51248 2.83648 0.0650276
33.6039 7.16216 0.0427234
7.8571 2.10784 0.0319761
27.7276 2.89714 0.994411
2.61893 6.0038 0.0415165
26.88 2.17841 0.656677
20.4013 8.12659 0.369693
14.8196 1.51079 0.0358007
10.3931 0.214666 0.0494378
17.1299 3.73066 0.0699296
11.0892 4.72221 0.0463687
13.4376 4.97687 0.047055
